7839,44,88
6283,29,18
5649,11,0
5831,31,6
5200,37,0
4887,35,3
5045,35,0
7179,39,33
5861,31,6
4886,41,32
5268,25,2
7477,41,33
6826,27,40
5205,23,24
6189,23,32
6858,29,13
6689,39,0
6139,35,7
7737,41,24
4968,37,0
7564,29,32
6999,29,32
5024,23,16
5684,29,32
6059,27,0
6490,29,32
6866,33,16
5955,29,16
5914,31,6
6888,33,48
7811,27,40
7037,25,64
6122,25,32
5811,23,16
6763,31,12
6926,27,13
5113,31,3
6568,29,34
6404,29,32
5190,31,2
5387,31,0
5847,22,0
7285,29,32
7784,25,48
7426,39,13
6796,29,48
6620,39,17
5150,7,2
7334,23,16
7127,29,13
5840,37,0
6585,41,24
5546,41,3
5700,31,2
5279,19,0
6944,39,0
5496,19,0
7410,39,49
5729,23,48
7480,39,49
6992,39,12
6111,29,24
5641,31,0
7087,35,7
5052,23,16
5389,22,2
5373,35,0
6325,23,16
5024,32,3
6956,41,24
5965,37,0
6309,41,32
5538,25,48
7515,35,33
5897,31,7
4942,19,0
7696,26,24
6233,39,33
5907,31,7
6870,39,17
5878,29,26
6509,34,2
6145,7,0
6491,33,32
7490,29,48
6318,35,7
5925,39,0
5447,29,18
5690,29,6
7834,27,16
5842,19,0
6959,39,12
5132,21,0
6215,27,16
6149,33,32
5257,25,32
6460,23,64
6144,35,7
5345,28,2
7398,39,33
5324,33,0
7120,23,8
6129,35,0
7663,8,54
6059,7,0
5465,23,48
6549,23,32
6674,25,32
5408,37,0
5934,25,0
6514,26,26
6848,41,49
6516,25,64
5652,19,0
7290,29,64
6415,35,7
6021,29,16
7710,26,24
5122,34,2
6145,25,48
5888,12,10
5907,37,3
6453,23,16
5811,35,6
7556,41,25
5798,39,0
7097,29,32
6429,33,32
6059,29,34
7304,29,16
5877,41,3
7036,29,16
5727,26,18
5542,29,32
6826,39,17
7399,23,64
6566,35,0
5347,23,0
5202,25,32
5996,39,0
5288,35,3
6794,25,32
6677,25,24
6863,29,34
6036,35,33
6333,35,0
5932,31,0
5175,34,0
6417,35,7
6978,39,65
5917,25,16
7166,29,64
6233,19,0
7081,39,25
7048,35,17
5654,19,0
7343,26,24
7640,29,32
6009,27,0
5898,31,7
5433,23,0
7412,27,40
7037,23,8
6754,29,48
7155,26,26
5364,23,0
6266,26,18
7185,23,24
5858,35,6
5008,25,24
6174,7,3
7466,39,33
5627,29,18
5016,25,24
5533,25,32
5063,23,32
5787,19,0
6635,23,8
5142,25,32
6801,41,32
6896,29,16
7239,25,32
6325,29,24
6082,29,48
7382,25,32
7143,29,64
6722,25,32
6569,23,24
6680,35,7
6109,31,0
6165,7,3
6980,29,24
7120,35,33
6292,41,16
5785,29,6
5421,26,18
5778,23,0
7279,29,32
5911,7,0
6563,23,48
7142,33,64
6948,27,13
7689,8,84
6706,41,16
6993,27,16
4750,21,0
6892,32,0
5935,7,2
5953,27,0
6702,39,0
6988,29,32
6071,23,8
7194,23,48
6366,23,64
6370,41,33
5695,7,2
6782,27,0
4769,31,0
5790,19,0
6378,31,72
4838,31,3
6666,29,34
4931,23,24
6270,33,24
6968,41,17
6005,19,0
6248,29,18
4883,29,18
6871,27,16
6943,23,16
5088,23,0
7308,29,32
6796,23,32
7781,29,32
6058,31,7
5760,23,16
7475,23,64
6690,29,32
5900,29,26
4764,25,16
7396,35,49
5915,27,16
5303,29,34
6487,26,26
6121,27,0
6090,23,24
5211,12,10
5004,7,2
5724,31,2
6210,23,16
7439,23,8
6978,31,74
7588,41,33
5044,31,2
5428,23,32
6167,23,32
6502,33,16
6412,35,0
5729,7,0
6998,41,32
7762,29,48
5285,35,0
6737,39,12
7286,25,24
7487,39,40
6971,23,16
7705,27,16
5122,37,0
5491,11,0
6565,26,24
4886,19,0
5114,19,0
5875,31,6
7754,8,84
6083,31,0
7151,35,17
4798,21,0
5808,33,32
7056,32,0
6361,31,2
7423,39,25
5402,29,16
6217,23,32
7127,33,24
5699,35,0
6758,23,32
6483,29,64
5302,19,2
7083,39,13
5982,29,16
6469,29,26
5875,29,7
6001,35,6
5732,23,64
5112,37,0
6503,29,32
7090,39,17
7563,41,16
6697,29,16
7632,33,32
6254,29,48
7067,31,81
5948,35,25
5348,34,0
7074,31,80
6428,35,7
7235,8,60
4930,32,0
5866,31,0
6713,25,24
7087,29,26
6231,29,24
6362,29,32
6178,35,33
6995,33,32
6211,7,0
7191,41,17
7764,35,65
6145,25,48
5805,29,24
5544,25,0
5803,23,64
5844,23,64
5261,23,24
5364,19,0
6638,23,32
6725,29,80
7069,37,81
5625,31,0
6464,29,26
6298,35,0
6257,29,32
6100,23,0
5829,29,24
5589,29,32
6006,29,34
5198,29,34
6199,41,33
7159,41,65
5892,35,6
7220,26,34
7330,23,16
6572,26,34
5855,29,16
5099,37,0
6123,31,0
5597,26,24
6725,29,32
6125,29,16
6962,29,24
6066,31,7
7580,29,16
5693,29,32
6813,39,12
6981,37,74
5314,31,0
5796,23,48
7135,39,33
6440,33,32
5634,29,18
7660,35,65
6565,34,2
7311,29,48
6738,31,12
5198,23,8
6673,23,32
5343,34,2
6437,34,2
5164,39,0
6489,31,81
6922,31,12
6254,29,18
5893,38,16
6380,37,0
7257,41,17
7743,29,32
6837,31,13
6576,33,32
4866,37,0
7243,23,8
7031,33,32
6374,29,24
6045,29,32
5348,25,2
5880,31,0
6005,29,34
5392,25,16
7357,27,16
7010,8,54
7283,25,32
6747,39,12
6602,29,34
5472,29,18
5790,33,24
5912,41,16
6164,19,0
5578,39,0
5823,35,6
5220,25,0
7207,23,24
6693,31,3
6630,29,48
5319,25,32
6071,19,0
6880,26,18
5355,25,2
6474,29,26
4819,19,0
6101,7,0
6875,33,32
5480,29,16
4854,29,0
7098,29,13
7435,26,24
5939,7,0
7064,26,24
5311,34,2
6830,25,32
6077,26,34
7796,26,24
6304,31,7
5629,26,26
5779,34,0
5225,32,0
7186,29,32
6733,27,12
7162,39,13
7118,41,33
4778,19,0
7088,33,24
7302,23,8
7401,23,64
6459,35,49
5846,25,48
7825,33,64
5003,31,0
5817,31,6
6704,39,49
5489,31,3
7170,29,34
6189,29,32
6009,19,0
6794,33,48
7665,8,84
6795,41,48
6161,33,16
7160,41,16
6028,39,0
6671,23,32
6334,41,33
6652,35,7
6771,27,16
6509,26,24
6709,29,16
5746,35,17
6659,27,0
5789,23,16
6742,39,12
6159,27,16
5295,29,34
7504,29,48
5887,23,8
6893,33,48
5703,35,0
5043,19,0
5997,35,25
7360,35,33
7235,41,33
7237,41,16
5249,37,0
6673,25,48
6990,23,16
7080,41,32
5965,29,7
5621,7,0
7029,27,0
6250,19,0
6975,31,13
6197,25,64
7215,39,0
6995,31,13
5893,39,0
6033,29,34
4842,37,0
7103,26,26
5799,26,34
6849,39,12
6611,8,54
7267,37,72
6695,23,32
6787,41,17
6823,27,13
5699,29,24
6585,25,24
4820,37,0
5342,11,0
5562,29,24
6097,25,32
6075,29,16
6495,25,64
6876,39,25
5656,37,3
7838,29,32
6661,35,7
6816,29,48
5001,31,2
5304,34,2
6252,29,32
4937,31,2
4743,25,2
5677,31,2
6619,29,34
5168,39,0
5338,25,24
5676,29,18
7001,27,13
6277,35,3
7424,33,16
5355,21,0
5333,35,3
6709,25,24
4922,19,0
6782,31,12
6465,31,0
5019,23,0
5250,19,0
4874,29,18
5520,19,0
7015,33,32
6082,23,48
7244,33,32
5797,29,6
6946,39,25
7022,41,33
5336,32,0
6110,25,0
6018,23,48
7084,32,0
6415,29,16
4721,27,0
5833,26,34
6707,29,16
5829,19,0
5241,23,32
6509,26,26
6017,23,24
6651,23,24
5946,29,16
5668,40,0
7151,8,54
5087,25,16
6466,33,32
6114,23,64
7677,41,33
6142,29,18
5107,25,0
5291,19,0
4982,23,24
7302,23,32
5302,28,2
5855,35,6
5101,26,34
5875,19,0
6891,31,12
5239,34,2
5962,37,0
7359,35,25
6706,41,24
5315,25,24
5395,23,0
5872,29,26
4789,31,3
5715,29,24
5240,23,24
5341,25,32
5958,41,17
5864,31,6
7205,33,32
6440,25,16
6751,39,12
7416,25,64
5603,25,32
7606,33,48
7721,29,74
6812,39,12
5055,23,32
6621,41,16
5886,25,16
5654,37,0
5950,23,0
6996,35,33
5919,29,34
6737,29,16
5028,29,26
6087,23,32
5952,29,32
4927,19,0
6716,27,16
6044,23,32
6254,33,32
7494,33,16
5373,26,18
7242,25,24
6447,23,0
7252,29,34
5851,35,6
5888,25,64
5356,7,2
5074,25,16
5867,31,0
7346,33,48
4802,11,0
7390,29,48
6358,33,48
6034,31,7
6267,29,18
7067,29,64
7404,23,16
5055,29,26
5378,41,16
4755,37,0
7591,29,48
6124,25,32
6138,25,24
5280,35,3
7708,29,32
6271,29,24
6495,29,26
7011,25,16
5794,31,6
6004,35,6
5971,35,6
5076,25,24
5052,25,0
5703,31,6
7649,41,32
7104,23,48
5906,39,0
6872,41,24
6982,33,48
6827,29,32
6201,26,18
6979,26,24
5603,25,32
6805,39,12
5556,35,3
6062,33,16
4819,31,0
6406,33,48
6908,33,48
6758,31,3
6285,37,0
7223,41,25
6948,31,12
7345,39,25
7225,23,24
5598,25,48
6092,33,16
5327,23,0
5586,19,0
5652,31,2
7243,33,64
6021,39,0
6326,29,48
6731,27,12
5845,19,0
6998,29,32
5842,29,6
6890,33,32
6682,39,12
5432,12,8
6617,29,16
7005,29,81
6522,34,2
5874,39,17
6539,23,8
6821,27,13
5993,37,0
7631,26,24
4737,26,18
7049,27,13
6676,26,34
7142,39,17
6109,26,34
7752,33,32
7635,33,24
7117,29,72
6745,29,48
7358,41,32
6408,29,26
6414,29,32
7204,23,32
6761,31,12
5688,29,32
6565,33,16
7428,29,32
6042,22,0
5711,26,26
6602,29,34
4834,12,10
6150,25,24
6900,26,18
5418,27,0
6225,23,32
7251,29,48
6390,31,2
6525,29,34
7225,23,16
6222,39,33
5479,19,0
7729,39,13
5888,12,10
6928,25,16
5795,31,6
5986,34,2
7304,33,74
7204,29,34
5854,31,6
7003,35,65
7167,26,34
5119,39,0
6255,26,18
4743,22,2
5945,29,26
6803,39,12
6024,29,16
5866,35,6
7630,33,32
6162,39,33
5743,39,0
7664,27,16
7678,41,16
6796,31,12
7236,29,80
7040,41,25
6278,26,24
4841,23,32
5319,7,0
7807,29,24
5274,19,0
7002,29,24
5311,31,0
6851,26,24
5551,25,24
7702,27,40
7704,8,54
6580,29,32
4739,19,2
6810,29,26
7762,26,24
5764,39,40
6988,25,16
5862,19,0
5242,37,0
6798,29,18
6987,39,40
6613,23,48
5808,23,64
6082,23,32
7245,26,24
6049,29,32
5714,23,32
6418,29,24
5885,37,0
6379,33,24
7476,29,34
6246,29,18
6111,25,24
5236,23,16
5115,23,32
6759,33,64
7313,29,13
4909,23,0
5099,29,26
6294,23,16
6501,29,16
5874,31,6
6308,31,7
6082,33,32
6310,31,7
6929,39,12
6337,39,0
4953,28,7
6959,33,32
4737,32,0
6068,7,0
6857,27,12
6690,39,17
5792,31,6
5623,25,24
7260,41,65
5831,7,2
6173,19,0
5718,27,0
5821,35,17
7154,23,48
4826,25,16
7517,8,60
7236,29,34
6621,23,48
7012,29,80
5910,29,6
7601,27,16
7193,41,65
5224,27,0
5053,23,16
7500,23,12
7046,31,13
7676,29,32
6662,33,64
5611,29,24
6626,23,48
4877,19,0
6472,33,32
6985,29,24
5190,7,2
5749,25,32
5205,35,0
6656,23,32
6626,26,34
7552,29,16
6956,39,12
5312,7,2
6798,31,12
5359,22,2
6887,35,33
6925,39,0
6136,35,3
5604,41,3
6337,29,32
7327,29,48
6815,8,54
5247,37,0
6480,41,16
7728,35,65
5883,7,0
6575,41,48
5717,23,32
7353,29,48
5325,35,0
6623,29,34
7496,29,72
7104,29,18
5958,41,32
6931,23,16
5640,27,0
6181,29,32
7142,29,64
6623,33,48
6318,26,18
5250,19,0
7017,29,48
7052,39,65
4737,28,0
5678,37,0
7355,8,60
5806,31,6
6298,26,18
6807,33,24
7028,25,64
5990,25,0
7375,29,32
7102,29,32
5601,19,0
5779,31,3
6818,31,12
6097,7,2
6549,37,74
6395,26,26
5943,29,26
6361,35,0
4918,37,0
5470,19,0
7119,29,26
5964,39,0
7085,33,32
6735,29,26
6170,7,0
5080,27,0
6939,26,24
5737,25,32
6619,27,12
5198,23,32
6769,33,16
6206,33,48
5583,23,24
6352,23,8
7372,31,13
5391,25,48
6282,26,18
6781,31,12
6985,25,64
6739,23,16
6746,39,17
5325,25,24
6973,41,40
7265,25,24
5141,25,32
6977,29,32
5974,29,26
6349,33,32
5883,33,32
5616,7,0
5522,25,0
7277,26,24
7674,41,49
7132,41,24
6619,23,24
6559,29,32
5307,25,16
7564,29,32
6233,26,18
5948,25,64
6824,39,12
6474,29,26
5248,25,2
6518,39,0
6748,26,24
7150,29,34
5439,7,0
6795,26,18
5669,31,0
5164,37,0
7425,39,13
5301,29,34
7748,23,48
7698,33,64
7304,8,60
5991,35,33
5318,27,0
6864,33,48
6891,33,64
7292,23,32
5891,29,7
5976,34,0
7033,29,26
5036,22,0
5866,33,32
7466,29,74
4986,25,24
6091,32,0
6826,29,48
5644,25,24
5873,29,7
6626,27,12
6455,23,64
6506,33,32
5941,35,7
5695,26,18
6193,29,32
5303,23,24
5750,23,0
6934,8,54
5208,37,0
5404,37,0
7518,39,33
5677,32,0
5183,19,0
7501,29,32
5383,23,48
6823,33,16
6193,29,32
7332,41,17
4984,7,0
6099,32,0
6307,39,33
5211,27,0
7057,25,64
4726,23,16
6124,27,0
5298,31,0
5951,31,6
6546,26,26
7034,33,24
5891,12,10
6875,31,7
7557,41,33
6789,39,0
6083,33,16
5632,27,16
6594,29,34
5592,25,32
7251,41,16
6092,23,64
4766,25,16
5161,27,0
5010,32,3
5075,19,0
4989,25,32
5825,39,0
5614,23,32
6115,35,3
7011,25,16
4809,17,0
7005,39,33
6774,31,80
6367,39,33
5032,25,16
5181,35,0
5335,23,16
5310,23,16
6124,39,25
5848,29,34
7176,29,64
5930,39,0
5461,37,0
5791,31,6
5892,37,0
7572,41,32
6358,23,64
6318,25,16
7033,29,48
5083,39,0
5989,31,0
5284,23,32
7228,25,48
5173,29,34
5367,23,32
7314,23,32
5807,19,0
6455,26,26
5588,23,24
7795,23,8
7402,8,60
7140,27,16
6217,29,32
6271,29,72
6259,29,16
5863,41,40
7042,29,32
5823,29,34
7182,25,24
6943,29,48
4844,33,0
6106,12,10
7809,29,64
7536,39,49
5505,39,0
5029,19,0
7082,23,48
5501,23,48
5961,35,6
4868,23,32
6720,27,12
6362,33,24
5778,19,0
4836,19,0
5653,33,16
7493,23,64
6771,29,24
6767,31,81
6389,29,80
4976,26,26
7435,35,33
5910,31,0
5999,7,2
5563,23,32
5016,19,0
6954,38,16
7142,27,40
5531,7,2
7690,41,25
7368,29,32
6735,27,12
7313,39,13
5791,35,3
4899,15,0
5746,26,18
6748,31,12
7056,33,24
5445,7,2
6587,29,64
4825,37,0
5441,25,32
6604,26,34
5923,35,33
6986,29,34
5928,29,32
6594,34,2
6015,41,17
7614,34,68
5070,31,0
6050,39,25
5079,21,0
6303,39,0
6925,35,65
6675,31,74
5465,23,48
6530,26,26
6310,29,18
5823,35,6
5731,31,0
5366,19,0
7510,29,32
5246,19,0
5567,19,0
6517,29,16
7366,33,16
6771,33,64
6243,41,32
5358,41,3
5657,31,0
6265,29,32
5270,29,34
5435,11,0
5857,7,2
7064,41,33
6391,33,32
5205,40,0
5730,25,64
6706,39,12
7434,35,25
6991,31,13
6103,31,7
5306,25,32
6669,29,24
6098,23,24
7085,29,64
7727,29,32
7502,41,32
5786,29,32
6799,31,12
6237,29,32
7364,8,60
5132,33,0
6889,23,64
7635,29,32
6829,31,13
5969,29,7
5903,31,7
6342,33,32
6014,27,0
6859,35,33
5251,35,0
6172,29,18
5298,19,0
6860,39,33
6859,8,54
7421,33,48
7136,29,13
7000,31,13
6281,31,2
7389,33,48
4878,27,0
5837,25,48
6110,35,7
7829,35,49
6882,41,16
4823,27,0
6956,39,12
5857,22,0
5618,29,32
7465,27,16
5390,25,2
6469,41,40
6859,29,13
7359,25,32
4831,31,0
5060,25,32
6912,41,49
7252,26,34
5987,35,6
5917,37,0
6176,23,64
6719,33,16
6437,29,32
7007,31,72
5649,19,0
5628,31,2
6644,26,34
4775,27,0
4761,31,3
7336,29,16
6010,29,7
6325,33,32
5463,25,32
6602,23,8
5327,31,0
4842,7,2
5256,23,32
5444,37,0
5790,26,34
6662,25,48
7246,29,64
5824,23,48
7506,33,48
5067,23,32
6679,29,64
6103,33,24
5924,31,7
4713,21,0
5692,29,6
5000,25,32
5962,29,32
7692,39,13
7332,33,64
5791,39,0
6133,25,48
5626,35,3
6128,23,0
5773,33,16
4887,35,3
5905,29,7
4919,23,32
5924,7,0
6450,41,33
7428,29,32
7620,26,24
7554,29,24
6589,27,16
6012,31,3
7425,39,13
6835,31,13
4904,19,0
6146,23,32
5714,29,32
6193,29,32
6334,33,24
6350,29,48
5635,7,0
7025,25,64
5332,23,32
6126,35,33
5040,32,0
7636,23,16
4991,23,0
5962,27,0
6854,41,17
5677,31,2
6210,29,18
7599,29,32
7103,29,64
7050,26,26
5278,25,24
4781,19,2
7557,29,81
6693,23,16
7302,29,24
6923,29,32
6425,25,64
7620,31,81
6253,35,33
6610,29,34
6942,33,48
5701,41,32
6252,19,0
5563,23,24
7282,8,54
5880,29,3
5756,29,32
6185,41,24
4808,19,0
4790,19,0
5930,12,10
7162,39,13
7164,41,24
5795,39,0
5568,23,32
4886,31,3
5267,37,0
6877,35,65
5062,25,16
6863,33,32
4887,23,24
6213,29,18
7174,41,48
5974,31,3
6844,29,18
5695,31,0
6921,29,32
6195,29,24
7226,23,32
6513,29,26
6305,41,33
6454,29,32
5752,35,0
6093,29,32
5824,19,0
6233,31,2
6134,25,32
5775,39,0
7501,41,16
6671,29,16
7038,29,13
5410,27,16
6275,29,32
7523,37,0
5052,39,0
5810,25,48
5480,39,0
5524,7,0
5726,31,6
5447,32,0
6265,41,25
5403,7,0
5540,37,0
5075,31,0
6005,41,3
7209,41,33
5850,33,16
5764,23,48
6534,23,48
5944,26,26
6585,33,16
4805,31,0
4998,29,0
7011,26,24
5011,23,32
6839,33,32
6099,31,7
6483,25,64
7206,33,64
6731,31,0
7079,29,32
5917,29,32
7744,23,48
5501,31,0
5991,29,34
7154,39,13
7761,33,64
4755,26,18
5237,25,2
7591,29,24
5316,37,0
5653,31,0
5823,29,26
6998,29,32
4920,23,32
6440,23,16
6026,7,0
5642,19,0
5114,35,0
5466,23,32
5005,35,0
5559,37,0
4955,23,32
7178,29,34
6599,23,32
5670,26,26
6008,33,32
5552,29,16
6697,29,32
7530,26,24
7559,25,64
6811,35,65
4781,29,18
5868,35,6
7509,25,64
5078,27,0
7543,23,16
5225,31,0
5615,29,18
5933,26,24
5793,35,0
7345,26,24
5960,31,6
4976,35,0
5503,7,0
4852,21,0
5357,29,34
7230,41,24
5801,35,6
6050,41,17
4869,25,0
7111,39,65
6542,23,48
7089,29,48
5775,29,6
6063,29,24
6507,29,18
5037,37,0
5986,29,7
5791,19,0
6676,39,0
6870,35,25
6910,23,64
7113,31,13
6567,33,16
6828,41,17
7241,23,32
6543,29,34
7131,33,32
6467,29,26
5799,19,0
5479,38,16
5356,31,3
6939,26,24
6332,41,25
6871,41,17
7215,27,16
5828,35,6
7368,31,13
5515,19,0
6697,39,12
5901,35,6
7359,29,26
7087,29,74
7529,35,49
7708,23,16
6880,29,18
5793,35,6
6608,27,16
4893,19,0
6842,25,32
5108,25,16
6733,27,12
5300,23,16
7618,33,32
6022,23,32
7141,23,16
6545,23,24
4993,25,32
7164,39,0
6050,31,7
7393,27,16
5960,33,32
5720,29,26
6811,29,32
5119,25,32
6527,23,32
5684,27,16
6867,29,32
6110,23,48
7487,41,24
6899,35,25
6302,27,16
6970,23,64
4775,27,0
7544,39,33
7532,23,8
5759,23,64
5860,31,6
7182,23,32
6403,25,16
5406,39,0
5795,35,3
7487,27,16
5049,37,0
6624,27,12
6725,25,24
7395,35,33
4996,19,0
7034,29,13
7256,41,32
5415,7,0
6921,31,12
6166,25,48
4838,19,0
5317,25,2
5261,25,2
6975,23,64
6832,29,18
7262,25,32
6009,35,6
5466,25,0
5211,19,0
6222,7,2
7106,41,25
7111,35,17
6013,35,6
5003,29,26
6624,27,12
6821,33,24
5543,23,32
5456,19,0
7248,29,32
5793,29,6
5118,31,2
6464,23,64
5684,25,32
5776,41,32
5185,23,32
6638,29,34
7151,33,32
6869,29,13
4922,12,8
7486,8,60
5277,7,0
6914,41,16
6382,29,81
4757,31,0
6584,29,34
7102,35,7
6652,26,24
5862,35,6
4952,23,0
5792,29,6
6819,27,13
5177,19,0
6887,41,17
7597,41,33
6808,32,0
6169,41,40
7173,33,32
6076,29,34
5849,39,0
5040,19,0
6305,29,32
6233,25,64
7288,41,32
7680,29,64
6865,39,13
6060,35,33
5856,34,2
7507,31,72
6491,29,16
4706,19,2
5439,27,0
6765,39,49
5961,27,0
6490,37,0
6693,37,81
4852,29,18
5022,31,0
7373,37,81
5982,27,0
6411,33,24
7404,33,48
7127,41,25
4855,17,0
5685,29,18
7097,25,48
5175,32,3
6643,23,16
6547,22,0
6063,32,0
7604,23,8
4805,33,0
7081,41,65
7512,41,25
6035,29,16
5815,35,6
5099,31,2
6018,23,0
6547,23,24
7127,29,13
5984,23,0
5364,23,0
5786,35,6
7195,33,64
5700,31,2
5625,25,32
5773,40,0
5867,25,16
5938,31,0
5644,19,0
6917,39,0
6868,29,3
5754,32,0
6871,29,24
5928,34,2
5808,31,6
5486,11,0
5285,23,32
5413,23,48
6204,29,32
6809,39,12
5336,37,0
6239,29,18
5966,39,0
6730,27,12
4840,25,32
5882,25,64
6169,29,16
6053,31,7
5513,23,48
5749,35,3
6112,33,16
5253,25,2
6901,23,8
6265,25,32
4892,15,0
5811,29,16
5875,29,7
6432,23,64
7235,33,64
7595,8,84
6348,31,74
6710,25,32
4720,26,18
5663,39,0
6406,23,16
7458,8,60
7708,41,33
6087,7,0
6806,29,18
5909,31,7
6277,25,32
7550,23,8
4967,23,32
5499,29,18
6075,7,2
6770,33,32
6678,29,32
4723,31,3
6996,27,16
6920,27,40
7222,25,48
6816,39,12
5211,12,10
6020,34,0
5416,26,24
6081,25,48
4758,19,0
5751,26,34
6261,35,7
4934,23,24
6275,38,16
5185,29,26
5668,26,26
5173,41,32
5112,37,0
5137,27,0
6950,29,32
5932,31,7
5181,31,0
5953,35,6
7382,25,32
6962,23,64
5003,26,26
6451,29,26
7100,41,48
7324,23,32
6538,29,26
7570,29,32
5267,21,0
7099,31,13
5856,23,64
6221,23,8
5819,31,0
6700,31,12
5144,7,2
4835,31,0
6619,31,12
5164,7,0
4981,29,3
5143,31,0
5233,25,0
6003,33,32
5811,31,6
4989,23,16
6425,33,48
6925,29,24
5196,39,0
5412,26,18
7763,23,48
7427,39,13
5276,7,2
6633,23,24
7112,26,24
7704,23,48
5229,39,0
6232,27,0
6114,23,48
6148,27,0
7423,23,64
5632,33,16
5226,29,34
6934,39,12
6281,35,7
6807,37,3
6230,23,32
5487,25,32
6295,25,32
6114,31,7
7228,41,65
6928,35,33
5306,23,0
6030,29,7
7784,25,48
6165,7,0
6412,39,0
7043,31,13
5292,39,0
5677,29,32
5742,23,48
6553,27,40
5066,35,0
7523,8,54
6501,27,16
5370,25,16
5897,31,7
6296,23,16
5873,29,7
5768,23,16
6626,29,74
5573,7,2
5344,29,32
7174,41,16
5975,31,6
6691,25,48
6921,23,16
6732,41,49
7301,41,17
5576,29,16
5012,28,0
7342,23,32
6930,39,33
4900,32,0
6624,31,12
7014,33,24
5803,29,6
7412,27,16
6745,23,32
6881,23,64
6652,35,49
5622,23,32
6823,29,12
6886,29,32
4858,23,24
6060,23,24
7298,39,13
7246,41,33
5486,23,24
5898,31,7
6488,35,0
4935,29,18
4909,23,0
6207,41,25
7693,41,24
6540,33,32
6555,29,18
5319,19,2
7443,35,49
5079,11,0
7380,29,32
7159,29,24
5086,39,0
4912,23,32
5192,25,2
5166,31,2
7555,35,33
6590,39,0
5859,25,48
7346,39,33
7817,26,24
5695,29,26
5590,23,24
7194,23,32
6412,41,33
5340,27,16
5696,35,17
5754,7,0
7424,27,40
6284,26,24
6079,23,64
6104,31,7
5409,25,32
4954,23,16
6265,26,24
5343,27,0
6802,35,25
5388,23,32
5899,33,24
6827,39,0
5182,39,0
6452,25,16
5926,29,26
6828,31,13
6608,39,40
7559,29,24
5961,31,6
6842,33,48
6900,31,12
5860,25,64
5623,25,24
5749,25,32
6128,33,16
6660,26,34
5733,29,24
6303,31,2
5378,29,16
7648,33,48
6839,33,24
6035,31,7
6402,33,32
6467,26,24
6635,41,32
7646,27,40
7330,35,25
7822,29,48
6038,7,0
6138,29,7
5611,25,24
5224,23,0
7513,41,33
7221,26,24
6447,33,24
5079,19,0
6485,41,33
5837,33,24
7060,37,0
5788,29,6
7556,29,32
6031,35,3
6582,29,48
6067,29,34
6935,27,0
6718,29,81
6607,29,64
5898,25,16
6128,26,34
7451,35,33
5370,25,16
5820,37,0
5311,27,0
5584,33,16
6790,27,12
5230,35,3
6630,39,49
4995,37,0
4707,31,0
5400,23,32
6482,29,26
6642,25,48
7699,39,13
7075,39,33
5770,19,0
5539,25,48
6625,27,12
5066,27,16
4955,7,0
6241,29,74
6899,29,48
4905,17,0
6439,27,0
6318,33,32
4963,31,0
4751,29,3
7498,26,24
6138,35,7
7651,8,84
6017,29,34
5929,39,0
5517,25,48
6226,33,32
6309,29,34
7292,33,64
6056,31,7
6294,33,32
5301,39,0
7835,29,24
6100,31,7
6989,27,0
7242,29,24
6502,29,26
6715,39,12
7417,41,16
5650,25,0
6769,26,24
6571,29,64
5979,41,17
5137,19,0
6839,27,13
4994,35,0
5269,37,0
4742,25,16
6785,33,16
7446,33,81
5653,37,3
6745,29,24
6001,23,32
7226,23,8
5933,39,17
4773,32,3
5852,19,0
7551,29,32
6019,33,24
7038,29,13
6368,23,16
5718,39,0
5575,29,18
7156,23,48
6413,29,32
6935,29,32
5036,7,0
6731,29,16
5646,11,0
6621,31,12
5168,22,0
6975,23,16
6676,23,32
4864,19,0
6753,31,12
7641,8,84
5791,29,26
6045,27,0
6983,39,12
5690,26,24
5010,23,16
7165,29,32
5802,35,6
5831,34,0
7666,29,32
6856,29,48
5361,25,24
6585,23,48
4839,7,0
6947,29,32
5840,37,0
6756,33,24
5257,29,26
6810,41,49
6525,35,49
5336,23,0
4967,23,16
6724,27,12
7240,41,24
5990,7,2
6429,35,0
7066,26,24
5976,26,26
6776,23,32
5571,31,3
5351,31,0
5708,31,6
5737,34,0
6295,29,24
6139,25,24
6922,29,32
5799,35,6
4748,19,2
5747,29,26
6977,33,64
5248,19,0
6073,35,25
5330,23,16
6045,29,16
7490,29,48
6135,23,64
7119,29,32
5611,32,3
7410,41,24
6181,29,26
6966,41,17
7080,23,48
6711,33,64
6117,7,2
6106,23,8
5944,29,34
6500,29,32
6266,25,32
7126,41,16
5985,29,7
7413,29,74
6983,35,33
7461,41,16
6858,33,48
6496,31,80
5624,31,2
7328,35,49
6792,27,0
6581,29,34
6197,29,18
7053,29,26
4748,31,0
6244,7,2
7337,29,48
7422,41,24
6200,33,16
7240,25,48
5769,33,32
6679,23,24
6620,31,12
7831,23,16
6847,31,13
6287,31,0
4738,23,16
7480,35,33
6517,39,0
5157,37,0
6547,29,32
5180,27,0
7351,26,24
6958,26,24
5130,29,26
7600,23,16
6933,8,54
7299,39,13
6171,22,0
6187,27,0
7565,29,80
7216,29,34
6339,33,24
5989,23,16
6074,23,32
6986,39,33
7001,27,16
5739,19,0
4985,19,0
5048,37,0
5811,23,64
6088,39,33
7032,25,16
5457,23,48
6864,29,18
6082,29,48
5023,31,2
5638,23,16
7690,29,32
6034,26,24
5968,27,0
5882,35,25
7195,27,40
6323,41,16
7501,41,24
6006,26,34
5076,19,0
7512,8,54
6178,29,48
5685,7,2
4858,25,24
6655,34,2
5827,31,6
5220,23,32
6149,27,0
5468,33,0
7167,41,33
6086,8,24
7001,31,13
6080,41,17
6117,35,33
6637,29,32
7175,23,24
5650,31,0
4903,19,0
6430,35,7
7656,41,49
5403,19,0
7272,26,34
5982,26,24
6696,31,12
7541,25,64
5418,40,0
6915,29,74
7062,39,13
5693,29,18
7275,29,32
7520,29,48
5308,19,0
5922,31,7
7168,39,17
7552,33,48
6550,35,17
5251,23,0
6399,29,32
6038,23,24
7191,39,40
6409,35,0
5864,29,7
5827,31,3
6493,29,32
7076,37,80
7042,23,8
7703,37,0
6435,25,16
6806,29,32
5216,25,2
5995,26,26
6938,39,12
5956,7,0
6764,23,16
6998,8,54
5293,19,2
6812,27,13
7061,29,26
6932,23,64
6067,29,24
6285,29,24
5523,31,3
7037,39,0
6937,29,64
6010,23,48
7810,29,64
7124,33,32
6865,23,8
5058,31,0
7694,23,48
7041,29,32
4717,19,2
4951,19,0
6778,29,18
5579,29,32
5139,26,34
5534,23,8
5732,41,3
6326,29,32
5397,41,32
5494,23,24
6743,31,12
4763,19,2
5307,23,16
4940,26,26
6982,41,16
7716,23,48
5135,11,0
6419,27,16
6043,31,7
5244,23,16
6951,8,54
7729,23,8
5673,31,2
6732,26,24
6153,25,32
7374,41,24
5692,29,6
7221,41,17
5838,35,6
5724,31,0
6270,29,24
4749,19,0
6868,29,32
7422,8,60
5935,35,0
7010,37,72
6900,39,17
6660,23,8
6336,23,8
6945,29,72
5857,7,2
4985,23,32
7261,33,64
6582,25,32
7736,26,24
4791,41,16
5396,34,0
4919,12,8
7473,23,64
6658,35,7
4906,19,0
5942,31,6
6154,29,18
6742,35,17
5689,23,32
7380,29,64
5429,12,8
6616,27,12
5727,7,0
6098,31,7
4885,19,0
5662,7,0
6700,37,80
5237,37,0
6617,26,24
5028,31,2
6820,39,12
7397,39,25
5816,29,26
5396,23,0
5709,23,32
7394,35,25
5810,29,32
5780,29,32
5546,39,0
5684,29,32
5351,37,3
5174,26,34
6941,29,64
6721,39,12
6210,25,64
6990,8,54
6356,29,32
6241,39,0
6982,29,32
6313,31,2
6801,29,32
4747,27,0
5770,25,32
4794,35,3
5565,29,18
6545,33,48
7573,29,24
7809,41,32
4732,23,0
5951,29,34
7738,31,0
6256,7,0
7265,25,24
5926,29,6
4993,26,26
7725,39,13
4829,31,0
5687,23,0
4942,37,0
5306,29,16
5165,19,0
7746,33,32
5595,37,0
5885,35,3
7064,35,7
6826,25,32
5873,29,7
7211,33,64
5182,37,0
6282,35,7
7671,29,32
7609,29,48
7206,29,64
7547,25,64
6115,39,40
5723,29,18
6720,39,12
5190,19,0
7057,35,17
6982,29,32
6704,31,72
4802,11,0
6285,41,48
5871,26,26
6512,26,34
6618,35,17
5450,25,32
5831,7,2
6834,32,0
5694,29,6
7672,27,16
4950,19,0
7611,8,84
5888,25,16
6147,23,64
6105,29,34
7677,29,48
5219,25,2
5364,23,0
6795,29,48
5846,23,16
5626,19,0
6420,38,16
7099,29,26
4706,25,0
7572,33,48
7275,33,48
5334,32,0
5926,27,16
6246,29,18
7143,23,16
7053,33,32
7476,31,74
6911,39,40
6368,23,16
5859,29,7
6655,29,72
7674,27,16
5800,39,17
6407,39,40
5993,23,32
6105,23,48
4952,33,0
6496,33,32
7453,33,80
6360,33,32
6819,33,24
5686,29,6
6160,19,0
6883,41,49
6014,27,0
5124,29,26
4714,22,0
5883,25,48
6566,26,26
7799,29,64
6985,29,64
6103,23,24
6168,25,24
6225,29,32
6396,29,26
5416,7,2
7334,33,72
6005,7,0
7125,39,25
7293,39,13
6830,27,13
6009,23,24
5432,33,16
5403,37,0
6953,23,16
5959,11,0
5558,23,24
7789,25,0
6818,27,13
6706,25,32
7108,41,33
6525,23,32
6154,29,48
4808,29,18
5345,23,32
5771,41,24
6010,35,0
6400,29,32
6175,23,16
5838,23,16
6953,39,12
6360,41,16
4939,23,24
5622,29,18
5650,29,18
6904,31,12
6138,23,32
7176,29,32
7737,41,16
4833,27,0
6703,29,64
7378,33,16
6211,29,24
5343,19,2
5697,19,0
7197,23,24
6670,39,0
6318,23,16
7090,41,33
6003,35,6
6814,39,12
6504,26,24
6753,31,12
5630,35,17
7002,39,25
7059,35,7
6383,35,3
7550,41,40
7513,23,64
5794,7,0
6909,8,54
6586,29,48
5218,23,24
6132,7,2
6424,35,7
7299,25,32
7509,23,8
5041,35,0
6175,23,64
7663,41,32
6895,32,0
5785,23,48
5290,32,0
6136,23,0
6171,32,0
7779,33,64
6696,26,34
6864,8,54
5295,25,32
7799,39,65
6386,23,16
6717,31,0
5156,26,34
5839,19,0
6495,25,64
5885,33,24
7664,23,16
5688,41,16
5875,29,34
4744,7,2
6424,29,32
6027,31,7
6217,27,0
6821,27,13
5304,23,24
6116,33,16
6088,7,2
4916,12,8
7179,27,0
6956,23,16
5936,29,26
6313,33,24
6963,27,13
7521,26,24
5818,33,32
5276,31,3
7346,23,32
5654,39,0
5716,31,6
5357,35,0
5418,7,2
6266,39,0
6791,35,33
6436,29,64
4777,37,0
5055,11,0
6141,26,18
7011,33,32
5247,19,0
5642,39,0
5901,35,6
5103,23,32
7830,29,32
6315,31,7
7805,25,48
5309,7,0
7628,31,80
5797,35,6
7614,41,49
7444,29,72
6848,26,18
5043,11,0
5867,31,6
7131,39,33
7073,39,0
5423,41,3
7427,39,13
7102,29,32
5156,7,0
4970,23,24
7361,23,32
6426,29,26
5807,29,16
6085,23,48
7312,29,13
5825,23,48
6388,39,0
6959,29,32
5603,37,0
7029,29,13
6095,35,7
5624,26,18
4909,35,3
6976,29,16
5747,7,2
7434,26,24
4927,29,18
6508,29,24
5760,26,24
5324,21,0
7275,29,32
5359,25,16
5339,23,16
6994,35,25
5902,41,16
4897,32,0
7174,23,48
5474,23,32
7444,29,48
6194,7,2
6187,25,64
5992,37,0
5139,41,16
5578,19,0
5973,7,0
5765,39,0
6755,29,24
5388,27,0
4756,29,18
5570,23,32
6029,33,32
7135,29,26
5910,29,32
7784,8,84
5296,32,0
6435,23,64
7229,29,81
5846,7,0
5866,31,6
6899,8,54
5538,23,32
5407,7,0
7029,35,33
5275,23,24
6150,25,64
5098,34,2
4815,19,0
4981,19,0
7229,23,24
6004,31,7
5807,39,0
7239,37,74
5128,25,0
6244,25,32
7574,41,49
6183,39,25
7838,29,48
6363,33,24
5710,23,0
6513,29,34
4969,31,0
5363,32,0
7550,41,32
7172,23,32
6956,27,13
4982,19,0
5563,31,3
4874,27,0
6702,25,32
7005,27,13
6507,35,3
6752,31,12
5889,7,2
5228,41,3
7480,29,48
5404,23,0
7005,23,16
6885,27,12
7729,39,65
7612,33,74
6647,35,17
5884,29,26
6795,31,12
5170,21,0
7362,29,48
5338,7,0
5306,29,16
6582,37,72
7331,35,33
5284,35,0
7647,41,24
6857,27,0
5819,19,0
6972,29,24
6033,31,7
5851,23,16
7244,23,24
6260,7,0
6553,33,16
6702,39,12
5924,39,0
4971,25,32
7262,25,32
6730,29,48
7004,31,13
5429,23,32
5543,29,18
4823,27,0
7667,41,3
6018,31,0
5455,26,18
7337,41,16
7766,8,84
5856,29,32
6019,33,16
6858,29,13
5685,23,32
7190,25,48
5691,41,3
6661,25,48
7215,29,32
6039,31,7
5692,29,6
6718,29,48
5077,31,3
6514,41,33
7397,41,16
5152,23,0
7135,26,26
5933,29,18
