15552,110,154
12066,67,128
11296,87,56
14136,69,68
10235,67,81
13674,41,141
11116,82,0
11208,97,81
12070,31,132
10245,67,40
11824,48,144
11333,87,72
10369,79,0
14066,45,54
12718,33,126
10574,31,96
12083,57,122
10837,69,116
12242,43,96
11168,87,88
14264,45,99
14220,7,0
10792,29,138
12025,69,131
10658,83,40
9459,37,97
9975,57,113
9868,25,96
9436,33,128
11633,25,126
11829,52,99
13763,81,125
14753,7,0
13568,52,141
9806,37,145
13313,69,146
13822,45,102
12895,43,99
13997,69,120
9644,67,40
12171,48,108
12226,53,140
12763,60,146
13056,65,98
9838,45,106
13089,67,74
12402,29,96
12436,69,98
13851,78,140
14148,58,96
9946,82,0
12772,45,96
12902,65,140
11211,45,122
11791,87,90
14256,52,99
11627,87,56
9695,33,145
12887,51,146
13320,65,140
9882,49,128
11711,29,96
14857,7,1
11555,67,128
11550,33,126
14427,52,132
14025,67,120
12895,84,98
14853,26,24
9871,85,48
12025,97,106
12763,78,74
11926,109,48
13561,52,99
12165,29,126
13685,58,132
13441,78,68
11902,58,96
11613,79,48
11514,59,120
15327,84,138
13951,101,141
11610,97,90
11098,49,128
9852,89,3
13017,89,90
9960,74,48
9956,79,48
13097,51,98
13044,25,141
12402,39,99
11599,49,122
12184,69,109
14684,67,140
14144,43,126
10795,45,122
11781,53,146
11653,58,96
11866,81,88
11178,49,106
10327,47,138
11443,53,120
15027,7,0
11455,103,0
13139,81,148
10380,89,64
11998,87,106
11318,67,72
12028,57,140
12368,53,140
10535,69,32
9823,47,122
11587,69,68
11173,37,128
9870,43,145
14950,60,146
11433,25,102
11208,85,48
12742,69,146
12543,69,148
13791,69,140
10938,57,138
13912,84,146
13157,89,106
11199,39,96
12962,45,99
10161,57,122
13154,52,132
12399,47,145
10517,43,138
12187,42,104
12524,81,125
13690,34,126
11123,43,96
9403,37,122
9695,83,40
12223,43,96
9339,33,106
11716,43,96
10041,57,122
13126,33,126
12617,51,140
11252,31,126
12576,33,102
11794,29,102
12520,58,141
12003,97,64
12668,25,126
11494,48,108
10325,31,96
11721,81,77
14563,69,146
12614,107,0
10253,25,96
10957,25,102
11257,97,64
12924,107,0
12663,78,74
11059,43,96
13232,29,132
10763,99,48
12366,45,96
14075,41,60
12300,58,96
13238,67,128
11612,67,122
12293,58,96
10853,49,128
12562,67,145
12672,87,145
13359,69,131
13572,51,146
10749,93,48
11964,97,40
11158,33,141
14690,84,68
12770,53,98
9953,33,106
13832,33,102
13511,60,146
14736,7,0
12760,65,140
9618,29,145
10454,45,122
11990,73,88
12436,79,0
13987,78,74
11353,73,80
10563,37,128
11311,91,40
11617,39,96
13474,84,98
12918,58,141
12154,60,140
12099,101,77
10901,39,96
14134,84,98
13449,52,126
12039,69,84
13470,33,141
13140,33,96
13402,41,126
10358,37,128
10304,87,0
13959,71,74
14879,58,126
10326,83,64
9445,69,48
9842,43,145
10753,67,0
9856,37,106
10010,43,106
12524,60,98
13197,25,96
11961,69,77
14295,57,140
10115,47,122
14019,45,141
10854,37,145
12176,34,132
11224,43,102
9483,34,146
11492,75,40
12551,89,74
10100,57,128
14755,78,140
12411,43,96
10644,81,80
10668,33,102
10432,83,64
12156,57,146
9703,95,2
11507,25,126
13302,51,140
11225,101,56
11393,87,0
14097,97,145
11694,43,99
9546,29,138
10994,31,99
14813,7,0
10148,37,122
11150,39,96
10727,97,64
10450,67,40
13808,59,140
10856,48,108
12560,59,98
9399,29,145
11217,81,77
12008,27,141
11532,27,141
10415,47,128
13180,25,126
13241,60,140
12490,97,113
12009,89,3
14544,7,1
9961,29,113
14223,26,27
10680,87,74
11781,66,56
11856,81,80
13820,86,120
14247,69,140
13640,45,96
11654,48,147
13293,45,126
10328,27,96
12791,84,68
10739,89,64
15477,7,0
13096,81,131
13665,41,96
9904,49,128
12284,29,141
12837,33,141
14927,52,141
12031,97,97
14233,55,146
12420,105,64
14224,78,146
15002,7,0
15019,55,146
12244,69,68
11633,73,80
13850,67,74
10755,45,145
11766,57,113
13639,45,141
11691,69,98
12496,53,146
11362,69,74
13846,59,120
13184,41,102
10234,49,128
11058,53,120
11980,29,126
10440,103,0
12260,97,80
12473,69,141
11893,42,104
11888,52,96
12243,67,106
10394,57,106
14585,71,120
9964,71,48
12694,71,120
11670,47,145
13393,34,102
14349,81,148
10580,81,72
14579,41,102
11389,39,99
11605,81,88
12871,27,132
14203,57,140
12585,59,98
13200,67,145
14145,11,0
14455,7,0
11037,43,99
13187,81,148
13132,51,98
13527,41,99
14795,84,98
13201,59,98
12143,44,122
10464,83,64
10647,57,145
15083,71,140
14677,78,74
14194,59,68
10153,77,40
11080,81,88
13463,59,146
10010,37,145
11123,47,128
9362,31,138
10580,25,96
9743,109,32
12091,67,120
10735,25,141
14510,33,132
12851,33,96
12403,31,126
10002,71,56
15441,100,148
11859,43,102
13930,78,146
12220,43,99
14083,53,146
10887,91,40
14114,71,98
10587,97,40
9992,37,128
12897,29,141
13028,101,109
12167,92,3
10607,107,40
9418,34,146
11180,25,126
9694,47,106
12925,84,98
12190,89,74
12018,97,106
13814,51,140
11870,34,99
12880,71,74
11951,31,102
12340,107,0
10007,68,24
12065,27,96
13756,52,132
10374,45,106
15374,7,0
11859,34,126
13308,87,145
10005,31,128
13055,65,98
14883,7,0
13832,29,126
11475,82,0
9912,47,97
11931,25,99
11464,87,0
12615,81,131
11576,39,102
13649,33,99
12149,25,96
12199,33,96
13119,81,131
13555,41,126
11378,43,96
10362,33,145
15016,78,98
12569,87,138
13664,69,120
10884,45,113
11801,69,98
11373,57,97
11753,43,96
10505,45,97
12319,95,2
9434,31,145
10155,37,113
10512,43,128
9495,67,0
12387,52,126
12686,87,128
13626,89,113
10962,49,145
11973,69,98
9541,37,122
14182,78,146
11966,43,132
12564,27,126
12476,87,74
15024,71,98
13150,29,126
14991,71,140
14801,78,68
14399,71,98
9818,29,138
14070,59,74
12330,58,96
14814,101,141
15013,7,0
12097,69,74
13821,73,120
12401,58,126
13092,79,0
12672,71,120
13353,45,99
13908,41,126
9755,66,56
11192,31,141
10445,69,100
9337,79,0
11292,45,128
11125,97,74
10042,43,122
13628,43,126
15224,26,27
10387,49,122
10665,27,96
12489,67,138
15423,7,0
14059,7,0
10233,79,0
13102,78,98
14467,84,74
11887,81,131
14241,69,98
12488,67,97
11638,48,120
13992,97,138
12119,97,113
13067,39,141
12631,45,96
12467,69,141
10731,69,84
12030,58,102
11877,43,126
12107,81,109
13026,52,126
11278,39,102
12846,57,146
9582,29,97
12666,69,74
12617,25,126
13515,59,98
12435,43,96
11314,79,0
14012,89,128
10306,74,24
12437,53,120
9818,107,0
10535,37,145
11274,69,100
9621,77,40
12349,43,141
15064,97,138
11092,81,100
14012,69,74
11965,60,98
12555,55,98
11949,42,110
11246,25,99
12081,25,99
12424,39,96
14475,71,140
14543,84,150
10334,33,145
11101,43,99
14068,97,145
9950,31,145
11990,25,96
13347,69,74
14905,84,98
11246,107,0
12520,97,128
12389,67,120
11053,31,96
9393,109,32
12367,25,99
12019,57,145
13861,69,146
10213,97,40
11664,107,40
13979,78,146
12146,83,64
12267,84,74
12753,33,99
14353,45,132
10990,49,145
11698,37,145
9898,47,128
12651,29,96
13511,101,84
10928,85,48
10006,71,13
11699,51,146
10712,49,113
12559,43,132
12635,60,140
14451,43,132
11740,97,97
12592,29,99
13204,87,145
11091,39,99
12687,89,3
11987,69,74
12943,78,98
12807,67,120
14689,78,134
13788,100,148
13584,31,126
10873,57,145
12842,97,0
9950,37,113
11824,81,100
12784,25,126
11928,33,96
15030,7,1
10838,83,64
12236,39,96
9548,29,113
13370,84,68
11248,107,0
14263,43,141
12043,65,98
11478,81,116
12578,29,141
12682,60,140
11855,55,120
13801,59,146
12897,97,128
11073,31,126
11290,69,77
11774,25,96
14202,41,96
14198,52,84
14603,71,146
11011,83,40
13316,69,74
10542,79,0
10572,45,138
10452,29,145
9935,47,106
12933,81,93
10567,107,0
13891,39,132
10069,45,122
12360,52,96
11768,39,141
13179,27,126
10673,45,145
12880,45,96
10076,93,32
10162,27,96
10278,37,122
11562,43,99
10025,87,0
11574,31,96
12042,81,88
11005,27,132
12234,29,96
9646,29,145
12175,97,74
9875,29,122
11571,51,140
13216,78,74
12838,69,74
9398,74,48
12065,29,96
10515,31,99
12893,69,68
13756,67,145
14371,84,138
13034,81,125
12084,51,146
12708,87,128
12205,59,120
11653,53,140
12554,87,81
11703,31,96
9768,93,32
12879,58,96
13734,41,126
11534,51,98
14197,71,146
11282,53,98
11985,67,122
10671,37,106
11182,109,48
13084,89,106
13193,41,96
10830,49,128
14310,101,125
12230,43,126
14520,7,0
9731,45,106
11378,34,126
14293,69,140
9704,75,40
12592,81,131
10088,67,74
12634,92,3
10985,33,96
11144,69,93
10962,81,93
12501,31,126
11776,60,98
13630,34,141
11201,97,81
10469,49,128
12657,31,96
12206,87,106
11494,93,48
14584,71,74
11640,62,120
10380,97,0
11994,59,120
12068,27,126
11462,69,74
14542,67,140
10280,29,145
11764,31,99
13107,69,141
12352,87,97
14394,87,145
11577,59,98
11056,25,96
12254,39,132
12369,71,56
10795,25,126
10355,47,122
14530,29,32
14532,41,141
14619,7,0
9359,29,138
13325,97,81
10383,81,56
15141,86,120
13012,101,84
14184,71,68
13721,45,102
12793,33,99
10540,33,96
12153,78,74
13599,43,141
9724,57,97
13423,69,84
10342,45,128
10760,45,138
14716,67,74
13744,87,145
14401,60,140
9375,29,128
12901,57,120
14197,59,140
11426,67,81
9751,70,3
9788,47,113
12842,58,96
12888,78,68
9416,85,32
12095,53,98
9921,47,128
11603,81,88
12332,81,100
12882,89,97
13110,81,148
11467,59,98
14334,71,140
12591,67,145
12796,25,132
14331,45,96
11817,45,145
10411,37,145
13699,45,126
13657,33,132
12331,55,120
11838,51,98
10290,47,138
10447,49,128
10422,47,138
13785,67,145
12458,69,98
14817,67,74
9890,29,145
10498,47,145
11774,43,126
12607,57,120
12732,51,98
13584,52,96
11814,51,140
13140,34,102
11247,25,96
10990,71,56
9841,69,77
10614,107,40
13934,33,132
9969,69,40
14413,41,126
15348,7,0
14323,43,126
10725,83,40
10490,43,128
12710,81,116
11370,34,96
10567,81,84
13209,34,99
11829,67,88
11881,33,96
11682,44,122
12883,55,98
13025,39,99
12044,67,128
11064,47,122
12189,67,145
14561,80,120
11302,29,96
13907,94,144
12498,97,128
14070,45,96
12630,58,96
9670,48,126
13342,78,140
11120,49,128
12671,97,90
13224,89,3
9435,29,145
13176,67,122
12752,89,90
13591,43,99
13514,101,100
12126,39,126
9463,47,113
9459,33,128
13405,59,98
9721,47,122
11822,33,99
11333,34,96
12906,61,120
12682,67,128
12100,71,120
14942,69,140
13271,86,120
12122,59,146
11361,97,67
13455,33,96
10369,85,48
10623,33,96
14093,41,126
12246,53,120
13007,58,102
11865,58,96
11862,103,0
13043,69,140
12701,52,96
14212,41,141
12716,87,106
11852,33,141
15029,26,27
10234,45,128
12606,84,98
14528,89,145
15380,71,146
10542,45,128
10475,97,0
9666,93,32
12698,57,145
13484,58,99
13550,97,128
10770,25,99
13818,34,132
12821,45,99
11921,87,97
15454,7,0
10691,67,72
12446,51,140
11465,101,56
11053,29,96
10337,79,0
13171,41,99
12989,67,74
9972,71,13
12614,55,140
12797,89,97
14404,67,68
14171,69,120
13081,101,84
13008,45,102
13246,71,74
12766,29,132
9790,85,32
14879,29,35
10932,34,96
14818,58,141
11716,89,64
12222,87,90
11733,97,97
11288,43,102
13186,45,96
14089,52,84
14539,65,140
13629,33,132
13611,57,98
13585,71,98
12439,97,122
11346,33,132
12200,107,0
13607,60,98
11702,31,99
13524,31,141
11768,31,96
10174,47,128
13069,97,106
11912,33,126
12779,29,102
11863,67,74
10196,47,128
10526,73,72
10958,47,145
13738,51,140
13107,69,98
14592,41,126
11888,67,97
11303,81,77
9787,29,128
10544,89,3
13346,41,96
12811,87,113
10067,85,67
12562,71,120
14736,7,0
12996,87,145
13383,60,140
11886,60,98
13659,43,126
12832,69,140
14752,7,0
11494,57,128
12544,39,126
14532,78,146
13149,45,102
14763,100,148
11624,25,102
12236,31,126
11728,51,98
10319,45,128
13917,48,116
13512,71,68
10047,33,113
13045,97,145
9371,29,145
14226,29,35
11243,29,99
13825,67,98
12724,41,96
13272,69,77
13073,33,99
12752,53,120
10352,67,40
13813,53,140
14147,26,24
11947,39,126
12179,43,96
12472,43,96
12829,58,126
12596,84,74
11509,81,80
9587,47,97
12253,78,74
12933,69,140
14179,67,74
10381,66,56
9667,73,64
10828,34,102
13565,89,128
14193,45,126
12771,33,132
11988,34,141
12493,60,140
13307,27,132
13949,67,74
12310,25,126
10812,92,3
15511,94,144
9567,45,97
10706,87,72
10072,92,3
13717,60,98
10590,43,145
10503,33,96
15200,29,48
11270,45,128
9819,33,128
14371,7,0
11744,69,74
14561,60,140
11457,97,72
13584,84,98
12196,27,132
12382,81,148
15310,29,35
12006,55,98
12253,25,96
9619,31,113
14317,7,0
12738,69,74
14397,65,140
13568,43,141
10386,37,97
14251,89,138
11377,49,145
11876,47,128
14749,101,141
12116,67,138
13078,53,120
14163,7,0
12769,69,74
14185,89,145
14069,71,140
9984,33,145
11121,34,96
11659,43,126
13120,55,140
14858,101,148
15069,41,141
14997,45,126
13712,31,132
12092,87,113
10885,25,96
11900,51,98
9921,29,145
13207,69,140
12665,55,98
13377,53,140
10619,47,138
12124,79,56
10468,45,113
12808,51,140
13366,53,120
12664,67,122
13485,58,96
9933,45,113
15454,7,0
13005,84,98
9512,37,106
14773,7,1
13433,101,77
11012,73,88
13164,65,98
13538,81,141
12821,84,68
11118,97,74
11172,53,98
13114,33,141
13345,29,96
12589,39,102
14722,55,140
11546,83,64
14817,7,0
9878,33,138
11828,87,88
12016,52,102
9369,66,40
11593,97,64
11833,87,88
14510,67,140
10443,25,99
12364,44,122
10837,45,145
11584,43,96
13209,71,98
12428,58,102
12732,43,96
11072,71,56
10980,33,145
11208,42,104
11804,25,126
9840,76,56
12006,27,99
11632,33,96
13996,101,116
9740,67,40
15064,7,0
9373,29,128
11793,89,3
11447,25,141
14632,7,0
11715,45,138
14409,59,98
10230,85,48
10237,81,56
11533,67,128
11669,37,145
12413,43,99
13035,84,98
9375,31,122
11151,37,128
11393,67,80
9495,37,97
10597,79,0
11506,34,132
12559,33,126
11987,34,132
14836,84,140
10813,109,48
10805,83,64
13660,78,140
12378,78,68
13699,69,140
13773,65,140
11255,27,126
13480,43,126
13449,43,126
11140,55,120
11812,25,126
14809,71,68
11544,69,109
12919,97,128
12696,84,74
12051,67,145
13591,43,96
12341,89,81
12780,105,64
11964,97,0
10822,51,98
14638,67,146
11790,47,122
10902,57,145
12615,45,96
11939,59,98
13048,39,96
9374,44,132
10140,27,99
12114,25,141
12030,43,96
10664,67,74
12115,83,64
13398,43,96
13379,45,126
9840,71,56
10349,49,106
10847,43,96
14425,59,140
14686,7,0
10366,47,145
12263,89,74
13882,84,146
12971,43,126
14445,7,0
14292,7,0
13203,69,146
10918,103,64
11161,69,125
10047,71,0
12099,52,96
9692,48,126
14592,57,146
10707,57,97
11472,57,128
15533,29,48
13442,33,141
10794,53,98
13576,89,122
11965,33,96
10218,93,48
14105,55,140
10957,45,138
11311,34,99
11595,43,126
12358,67,90
13350,33,126
13655,69,98
10130,45,128
11481,97,0
13848,41,141
12732,65,146
13616,71,98
13628,52,126
13265,51,140
11853,47,128
12884,55,146
9449,87,0
11869,34,126
10382,67,80
11246,69,131
14752,7,0
13308,25,132
12202,67,106
14372,45,126
13066,33,141
13252,89,113
10518,27,99
9349,43,128
14530,94,144
12836,39,96
12040,33,132
13349,98,2
10482,29,145
11666,29,96
11146,73,64
9765,77,40
10526,47,145
11752,87,74
13770,97,88
13114,45,126
11182,93,48
10374,33,122
12918,31,96
12896,52,126
13942,34,126
11181,31,102
12299,43,126
11471,87,80
13289,80,120
10240,67,74
12566,84,74
9920,67,0
12525,52,102
13558,45,126
12188,44,122
15409,27,43
13415,97,145
9463,29,145
12807,41,96
10539,107,0
11963,69,125
13991,25,132
10005,47,128
15303,67,140
14435,69,140
12028,27,96
12604,65,140
9950,27,96
14400,41,132
11592,27,126
14412,89,138
12842,86,120
12958,34,96
12924,59,98
12572,69,148
10923,79,0
13501,57,98
14574,7,0
13831,81,131
13787,43,132
11600,97,81
9764,109,32
11671,31,141
10350,73,64
14434,59,146
11431,97,74
13025,33,132
14033,41,60
12232,29,99
11758,57,98
12253,97,81
15164,11,0
12615,81,109
11902,43,132
11535,31,96
11084,93,48
9734,67,0
15390,59,146
12695,51,98
13526,51,140
14157,58,141
13189,43,132
12603,69,125
13256,33,102
10064,99,32
14255,52,96
10347,29,128
14906,78,98
11939,25,102
12131,103,0
11133,69,93
10567,91,40
11000,33,102
13270,67,145
12456,81,77
14586,26,24
10768,49,122
10088,57,97
12716,51,146
14796,71,140
13950,59,140
13104,25,126
14312,45,141
13529,33,126
11141,27,96
12718,57,140
11444,97,67
9948,103,0
12066,39,141
10048,79,56
10746,87,0
10699,47,128
13448,65,146
14078,59,146
13150,43,126
10520,45,128
13445,45,96
12687,41,96
12216,69,98
14030,59,146
9823,37,113
13894,101,109
14479,86,120
14239,52,141
12253,27,96
11006,107,40
10233,73,64
11807,39,99
12617,25,132
12993,55,98
10425,49,145
12616,103,64
9397,29,128
12351,57,98
11341,43,96
9841,33,128
11181,34,96
12031,53,140
12083,69,98
15093,71,146
9627,37,128
9923,69,48
13067,69,98
12634,60,98
12050,69,131
13346,81,109
14098,45,84
10890,49,138
11564,67,106
13595,41,96
11195,27,141
10827,87,81
12852,67,113
13457,29,132
10904,53,98
11552,31,126
13932,69,146
10565,91,40
13447,101,125
10027,31,128
13760,59,140
13650,33,96
13956,51,140
12921,43,99
11861,97,67
12112,69,68
10387,67,0
11368,69,84
13667,58,102
13335,69,146
11903,69,100
12419,87,122
10262,33,138
13520,45,126
11517,97,74
9705,37,138
12261,55,98
11430,85,67
13528,41,96
11335,87,56
12897,33,126
10817,77,40
11152,97,72
12556,45,99
13223,41,126
11800,67,88
11482,99,48
10663,34,96
10756,37,145
13207,51,98
11216,97,80
9552,48,126
11360,42,116
13422,67,74
11691,97,64
12701,87,122
9934,29,128
9500,47,106
13542,55,146
11181,87,81
15334,7,0
10383,37,145
12206,81,116
10737,47,113
12405,39,96
9352,75,40
12302,25,132
11917,67,97
11948,67,80
10692,47,145
11504,43,96
12754,33,96
12148,52,96
10122,57,128
14385,7,0
10872,33,96
9376,29,113
11586,97,80
12263,58,96
13164,97,113
11437,25,99
12442,27,99
12218,67,145
9493,49,113
12545,69,74
9370,42,122
11096,43,96
10698,27,126
11016,31,96
9433,82,0
11429,51,140
13211,34,96
14630,55,140
12960,39,126
11245,59,98
13883,69,148
10001,70,56
12607,34,126
12465,27,96
11168,57,98
12152,57,128
13332,97,80
11752,25,141
15331,69,146
13749,52,102
13746,33,141
13172,48,116
10239,44,147
10777,49,145
13888,45,126
11665,97,0
11162,107,0
12516,51,98
12672,39,132
13139,39,126
12588,51,140
13802,78,140
11088,37,145
14286,7,0
14156,89,145
10058,25,99
10712,51,98
9537,34,146
11844,33,96
9932,37,122
13592,57,120
11843,58,99
12997,41,99
11641,77,48
14038,58,126
12119,69,74
12429,25,141
11694,43,96
13214,84,140
13402,67,120
11621,43,96
14881,67,140
13229,67,145
14166,78,146
13131,87,138
12500,87,128
11665,69,141
10620,43,145
10894,29,145
9583,43,145
9402,49,97
14698,60,146
15257,41,132
14141,97,106
11145,73,88
10558,67,90
11518,27,102
12009,33,102
13444,51,140
12950,52,96
10431,71,56
10677,47,128
11969,57,98
12629,31,132
13905,84,74
10058,49,113
10502,25,96
12757,67,106
12002,97,90
14431,7,0
11680,34,126
13279,29,96
11285,97,40
11778,87,72
13497,58,141
10197,47,106
9720,47,145
13338,80,120
10488,57,113
11694,81,93
10616,25,126
12268,89,81
13216,81,148
11713,87,97
9900,87,0
12212,39,96
9485,103,0
12950,69,116
13715,87,145
11218,33,126
14463,41,96
10118,71,48
13620,52,96
11906,33,99
11490,33,141
12404,44,122
13034,31,102
14987,52,126
11816,27,96
12566,52,126
13419,59,140
13721,67,68
11678,33,132
11645,97,88
12202,97,72
15333,27,40
10061,37,106
12506,52,141
10835,33,96
13726,71,98
10507,37,145
14513,40,122
13925,101,116
12735,34,132
13686,69,98
11331,27,99
10044,37,138
15208,11,0
13136,58,132
10893,49,97
10882,71,56
14396,41,99
13545,78,98
14346,7,0
12029,79,0
10355,98,2
11820,81,72
10327,47,145
10778,67,0
13335,59,140
10792,25,96
13684,25,126
13641,87,138
12282,60,146
12614,78,74
9388,37,106
10878,33,138
14203,33,126
11005,43,145
12326,69,98
12438,69,93
12575,69,148
13446,59,98
12820,33,96
14330,58,102
12987,87,88
14928,84,140
13969,60,98
12870,62,120
14619,67,98
10094,43,128
9358,34,146
10600,67,88
12844,53,140
12943,97,138
13207,53,98
9366,47,106
11126,87,90
13273,97,72
15392,27,40
10713,97,67
13732,97,90
14041,7,0
12763,34,96
13091,59,98
12476,52,102
11642,69,116
10705,27,102
13355,45,96
13445,81,116
11889,27,126
13495,84,138
12643,33,126
13043,59,98
12569,101,93
14351,69,98
12120,43,126
9522,48,126
14829,101,148
13470,78,146
10128,43,128
9435,31,128
11402,82,0
11953,25,96
11294,60,98
14230,41,84
14685,71,74
9871,47,128
11625,79,0
13870,87,128
11191,67,106
10404,73,56
11907,87,80
12184,43,132
9839,73,56
14500,45,132
11342,87,72
11579,83,64
14933,78,140
11125,87,72
12083,25,96
13806,33,126
9967,49,106
12174,25,126
11039,49,122
12348,69,98
14036,67,140
11098,87,74
12978,55,140
14907,26,27
10081,49,97
12957,34,99
13428,67,98
14299,59,98
11189,73,80
11059,37,145
14191,84,140
11206,73,72
11063,45,145
13316,78,74
13247,97,74
12056,43,126
11463,87,81
12184,59,140
12407,43,102
10808,85,67
15046,67,98
11429,81,56
12923,87,138
15250,80,120
15281,26,27
12012,60,140
10410,99,48
12459,33,96
14653,60,140
10815,57,122
10858,47,138
13078,52,102
10951,33,145
10301,44,147
12939,39,126
13780,51,98
9417,67,0
12402,39,99
12514,89,81
13233,87,145
11892,34,96
13078,51,146
13111,81,141
14074,67,68
14053,7,0
10621,43,145
13891,80,120
13756,65,140
15110,7,0
11134,25,96
11351,77,40
12458,58,102
13146,57,140
13341,71,120
13193,59,140
13551,58,96
13444,97,145
13935,67,98
12371,47,145
10166,79,32
10443,76,56
13166,65,98
13063,81,100
11509,53,98
9618,71,56
11511,53,140
13785,87,122
14782,7,0
11001,25,126
12468,39,96
12375,87,113
12778,43,126
14011,29,126
14038,55,98
9839,71,0
14309,60,140
14178,67,140
13434,51,140
11926,69,48
11037,73,64
10297,73,80
14557,89,145
10865,29,145
11688,103,0
13398,67,120
14700,58,126
14086,7,0
9436,44,132
13915,65,140
12608,25,141
12395,97,106
11268,25,96
9532,87,0
11316,87,74
12816,59,146
10117,25,96
11372,47,106
11778,43,141
10877,27,126
9759,97,0
11990,103,64
12585,51,98
12371,43,141
13953,58,96
10665,57,138
13530,41,132
10219,71,56
11787,67,90
13125,87,0
13054,57,140
12311,52,96
11309,34,102
11122,34,99
13441,55,120
10795,97,40
15283,29,35
13021,45,96
15172,29,35
12300,87,113
12167,84,74
12449,25,102
14871,51,146
9483,43,138
10949,97,0
10209,37,128
15235,26,24
13890,51,98
11996,43,141
12283,81,116
13488,85,67
9905,107,0
12577,105,64
13356,55,98
10321,49,138
9454,29,106
13591,69,140
12638,29,126
12112,97,113
11348,49,145
9664,45,97
13443,101,100
10395,47,145
9912,97,0
12330,105,64
14574,51,140
12568,69,100
9686,43,113
14382,101,131
12666,84,74
13440,69,68
14636,69,146
14348,73,120
12602,101,56
12966,52,141
11495,48,147
11855,65,98
10755,67,80
10706,67,90
10450,31,138
10232,37,128
13358,41,102
11901,81,100
10896,82,0
14382,33,126
12460,57,98
10126,73,56
9525,31,106
13016,97,145
13229,57,120
15115,84,144
11207,51,98
11802,81,125
10986,37,138
13532,101,131
12692,81,131
11869,69,68
13484,84,146
13863,25,126
12645,69,74
12326,69,98
10829,25,96
13200,78,140
9375,47,145
14323,52,96
12746,25,141
14929,101,148
12465,25,96
12936,25,96
14029,84,68
12714,78,74
11801,29,126
11955,97,0
11658,49,128
12944,43,96
13854,69,148
14914,71,98
10648,69,77
9555,43,145
11360,97,64
11392,31,102
12326,59,140
11092,37,122
11435,81,56
12417,97,106
13511,34,126
14216,78,98
13053,78,98
10643,47,106
11548,69,109
14289,87,138
13716,33,96
10199,27,96
12698,59,120
11040,57,145
15125,45,132
9946,31,122
10523,31,145
13803,25,141
12847,52,126
14950,41,126
12000,107,0
10844,107,0
13006,55,120
11299,45,138
13413,71,120
9794,69,40
14904,7,1
10680,95,56
11886,57,140
13084,39,96
12992,78,98
11943,97,88
11579,103,0
11625,87,88
9978,31,145
11977,67,138
11234,33,96
11544,97,72
11829,59,98
11504,73,72
13119,27,141
9512,47,113
11199,34,126
12319,71,120
13790,65,98
11392,57,145
11205,95,56
11754,69,98
11011,57,145
15093,59,140
15497,84,140
12437,89,74
14299,52,126
11482,43,96
12091,51,98
10673,49,138
12057,34,102
13859,41,99
11014,79,0
12475,41,96
11473,67,122
13085,43,132
12465,48,108
13178,65,140
14514,84,150
11731,31,126
11042,27,102
11917,57,138
12851,31,99
9516,69,40
9374,33,122
13318,67,98
10827,93,48
9765,29,128
9588,48,126
15215,94,144
10311,37,138
13074,87,97
13421,45,96
12914,89,90
12212,101,84
10661,42,104
13065,69,140
11758,67,90
13277,59,140
12592,78,98
10308,29,145
13643,81,148
9841,69,48
9649,45,106
12252,43,126
12952,33,102
13160,61,120
10877,27,96
12159,53,146
13405,57,146
13024,34,96
10260,71,56
9592,43,106
13673,71,74
10854,45,128
13016,34,96
10849,97,40
15211,67,140
12614,69,140
15259,73,120
10120,37,145
10152,45,128
11985,81,56
12555,25,102
12561,87,80
11357,95,2
12950,51,140
13500,89,106
13951,29,141
12239,43,141
11516,83,64
12799,58,126
11256,87,97
10933,43,138
11733,33,126
13596,67,74
15129,41,126
12931,53,120
14070,34,132
14812,67,146
11901,101,56
13827,101,109
11122,47,138
9818,49,122
14054,69,146
13754,84,140
13461,29,102
9581,67,40
14068,61,120
11568,47,138
13232,25,132
9778,37,145
10528,97,0
13989,65,146
13248,55,146
11955,87,0
10243,67,80
11985,53,98
14271,7,0
12348,52,96
13008,58,126
12065,87,122
11319,43,99
11990,57,145
13145,84,74
11197,33,96
12337,67,113
11196,73,72
13443,53,120
14205,62,120
11693,67,128
15179,29,32
10268,77,48
11583,87,90
13680,65,98
11113,39,96
9849,47,128
13044,89,97
12980,43,96
10101,43,113
11714,43,141
12160,33,99
11371,33,126
9867,29,106
13245,84,74
13336,69,131
14207,45,84
13212,69,148
11263,69,100
12801,97,97
13863,69,100
10601,73,56
12546,59,140
12960,69,146
10397,49,145
13272,55,140
15007,58,132
14333,84,140
10315,69,93
12153,65,98
12821,61,120
12876,97,128
9594,47,113
12984,69,98
10266,67,72
11362,33,102
12764,59,120
11813,61,120
13680,67,138
13000,27,126
9984,79,56
11619,53,98
12296,67,113
11652,97,88
13471,69,68
10618,47,122
10212,45,128
14783,7,0
11899,87,81
10026,47,113
11879,107,0
10688,67,97
10790,45,106
10836,67,97
12427,43,132
14027,101,148
12345,43,99
13709,78,140
9543,48,126
10107,83,40
9500,57,97
11318,34,141
12264,87,88
11372,45,145
9757,69,48
12283,51,140
12484,39,141
13723,41,102
10327,27,102
14900,101,148
11887,69,74
11203,95,56
11191,67,88
11383,27,132
11639,69,116
15058,7,0
11406,42,116
12462,65,140
13371,71,68
13547,67,68
11430,29,102
10813,33,99
13028,81,141
11770,53,120
14164,59,140
14405,101,131
9748,47,145
12972,53,146
13109,43,102
13847,87,128
14056,101,148
11941,67,81
12770,69,68
9635,73,64
12669,81,131
13926,41,96
14339,69,140
11319,57,138
12690,69,140
14961,7,0
9956,29,128
9396,29,128
12660,53,98
13120,25,141
11578,97,81
10486,87,0
11329,67,72
15446,7,0
12141,51,140
11882,31,141
13277,57,140
12238,48,114
14306,59,140
10119,75,40
13775,71,74
12507,57,140
13647,53,146
10435,37,138
10013,57,106
14704,71,140
13557,58,126
10641,34,99
11262,25,102
9595,33,138
11052,67,106
12125,87,128
11976,107,0
13921,71,120
10033,83,40
10765,37,113
10298,47,145
12175,61,120
13556,59,98
9668,33,97
14125,53,120
9352,34,140
9951,71,32
15001,59,140
13022,51,98
10928,73,64
14327,7,0
9489,37,128
10748,67,88
10567,73,64
13545,69,98
10528,69,48
10808,85,67
9717,43,113
14130,29,32
12694,52,132
14214,58,96
13153,59,98
12074,53,120
11120,25,141
13677,55,140
12962,43,96
13214,67,68
11786,31,96
11383,103,0
13443,57,146
10256,49,128
11720,27,132
11264,31,96
13215,69,74
10434,57,122
14198,41,54
12745,67,128
11383,81,109
12344,29,126
12550,69,140
12978,58,126
12576,57,140
10114,67,72
11799,81,84
10151,45,122
10358,47,97
11889,67,72
13823,51,146
10540,27,96
9892,29,145
13001,25,126
9623,43,106
12219,33,96
13496,67,74
11852,59,140
13130,25,99
14112,89,145
11896,55,98
12390,25,96
13342,41,141
9890,37,128
12665,69,131
10233,73,72
9399,71,48
11874,79,0
10835,87,80
11958,103,64
12571,65,98
12134,99,48
10595,82,0
14340,7,0
9467,37,128
13890,71,120
10291,33,96
11097,25,96
15115,7,0
9462,31,145
11997,69,74
12075,60,98
10255,49,97
10416,47,145
14322,33,141
11773,69,93
9686,71,48
13488,97,122
12624,97,67
12496,84,98
11940,25,132
13908,89,122
14008,51,146
9705,29,122
12037,71,120
9380,45,97
14192,71,140
12461,65,98
14243,7,0
10749,49,145
10256,45,122
14497,84,150
10329,79,48
10654,45,138
9603,37,113
10406,103,0
11881,43,102
9982,37,145
11960,29,96
10591,66,24
11285,67,113
9951,71,0
12667,89,90
11103,81,72
9840,97,0
10106,43,128
11135,59,98
14120,52,126
9412,66,56
14273,57,120
9955,33,145
9815,29,138
12707,97,88
10369,29,128
11923,25,141
10760,103,0
10265,73,64
11075,25,99
12944,87,90
10080,25,96
11380,81,72
11144,34,96
12527,97,128
11825,73,56
12392,84,68
13168,67,138
14049,100,148
10700,34,96
11175,33,99
13827,45,132
13423,97,145
13030,65,146
12614,29,96
10035,45,106
11680,34,96
12998,69,98
12587,57,138
12411,33,96
13048,43,126
9608,79,32
12670,57,145
15225,84,146
11372,81,84
14354,7,0
13655,78,98
12687,33,132
14634,73,120
9400,109,32
10618,57,145
13078,43,102
11650,69,68
13056,41,96
12394,67,88
9479,37,113
12683,107,0
13914,101,93
13480,78,134
10013,71,13
12913,52,96
13833,59,98
13075,52,126
13555,73,120
13372,52,96
10923,25,132
12461,39,96
13387,71,74
12613,92,3
13135,57,140
10733,73,88
11540,103,64
11757,67,40
12701,43,96
12735,107,40
12555,43,102
10615,48,108
11994,59,140
14083,89,145
14262,78,140
12643,87,145
12759,51,140
13723,59,98
15156,67,98
12502,25,96
13384,101,93
10447,47,145
12279,43,96
13241,67,145
12496,33,96
12723,67,128
14306,67,146
11523,42,140
11076,27,126
12575,33,96
13749,61,120
13547,59,146
9364,67,40
13197,87,128
10072,43,128
11623,48,120
14720,41,132
12334,107,0
12213,85,67
10481,33,99
12898,97,128
11495,109,32
12241,58,99
10855,27,99
13503,89,122
12756,55,140
12365,31,141
9868,37,128
11741,25,96
11413,27,126
10541,37,128
13659,43,96
11022,99,48
13963,55,140
11342,71,48
12120,87,0
13501,33,126
13322,67,74
10709,73,80
14941,67,68
12348,43,96
12695,89,81
11914,25,96
11956,39,132
11305,25,96
12583,33,141
10148,37,145
11279,67,97
12080,67,145
12389,33,99
14958,7,0
12852,31,96
13246,69,74
10450,98,2
9650,48,126
14937,45,141
12088,29,102
10333,87,56
11596,37,138
12408,69,140
12365,39,126
12188,81,109
15270,67,146
11994,39,102
9382,93,32
15062,7,1
12489,25,126
11615,73,88
10887,89,64
13509,101,131
11265,29,96
9711,79,56
14368,67,140
10537,31,96
13585,55,140
10804,31,96
9620,57,106
9399,49,106
11603,97,90
9695,49,97
10235,92,3
14280,67,74
12635,57,146
10648,69,77
9362,97,0
11481,61,120
12952,60,146
10483,81,77
11752,25,99
11644,87,106
13023,97,145
10042,91,40
14566,84,74
11293,81,84
13706,45,96
13278,29,99
11859,31,132
14667,65,146
13090,43,141
11508,103,64
10806,109,48
12501,87,72
11969,69,125
11047,97,0
9428,67,0
12816,97,122
11859,57,98
12615,95,2
12820,58,99
12280,87,106
9596,99,32
12816,33,96
9667,33,145
9818,79,48
13313,101,93
13926,69,140
13778,69,141
10834,85,48
10374,67,81
9906,37,138
12743,45,102
15085,7,0
11644,95,56
11851,52,96
15302,7,0
11942,31,126
9457,31,128
12311,62,120
13394,97,145
11741,69,148
11459,25,96
10630,25,102
14080,89,138
10013,43,122
10896,73,64
10225,47,138
11366,42,116
12688,59,140
10431,73,64
10465,25,96
13366,87,106
14313,7,1
13703,39,141
13179,89,113
13519,53,140
11525,69,74
10020,71,16
11641,47,145
14574,78,74
13233,45,141
11920,29,141
13123,101,116
9808,37,122
9405,47,97
9751,49,106
12068,31,102
12406,51,98
11838,43,126
12699,101,100
12824,60,140
12630,25,102
12118,25,102
11671,67,128
13573,97,128
10594,95,2
15543,7,0
13313,25,102
10250,77,32
9714,57,113
12347,33,102
12839,78,68
14058,52,54
10291,47,113
12607,81,125
9845,49,113
12475,59,98
14178,67,98
12111,25,132
10379,29,138
9510,98,2
14907,7,0
11929,34,96
12580,58,126
11167,81,80
13277,34,96
12768,29,126
11343,89,64
12365,57,140
11672,43,99
13882,34,141
10645,73,72
9823,45,113
12879,33,96
11658,67,113
13862,41,132
12472,69,140
12627,87,122
12371,55,98
11389,87,81
10336,79,56
14004,71,98
13329,29,126
11649,39,126
11644,69,74
11608,81,80
10655,73,80
9516,67,0
11889,53,140
13734,69,93
12950,97,138
14644,61,120
12708,58,132
10702,31,102
12271,58,99
10481,109,32
13084,29,96
10618,49,106
13015,52,141
13320,97,138
10964,107,40
12546,69,148
10728,69,84
11434,67,80
12222,69,68
11437,89,64
13261,67,128
11189,87,80
13302,33,132
9811,72,40
10288,29,122
10874,57,128
11467,47,113
12501,27,96
13079,39,141
14818,45,126
12242,97,0
10782,37,138
12182,33,96
13213,39,102
14146,58,99
12446,97,122
11421,57,145
12683,27,141
13105,71,68
9780,47,128
13784,84,140
9351,93,32
9770,57,106
14461,84,146
11645,49,145
9360,42,122
13576,69,98
11983,25,126
13105,39,126
15115,52,132
9719,79,0
13279,87,145
12828,80,120
12897,43,141
11995,25,126
13614,81,148
14345,58,132
14267,81,141
11272,103,64
12051,58,96
12426,25,96
12984,45,96
11688,73,88
11433,101,56
11306,87,74
11411,39,96
13147,89,97
9488,34,146
10420,69,48
10383,57,128
15537,7,0
12464,33,126
11496,25,96
11086,57,113
11555,103,64
11129,43,96
11571,103,0
9590,79,32
13074,33,96
14249,7,0
12882,43,126
12289,52,99
12814,59,98
10107,57,113
10430,43,122
12448,33,96
14265,45,96
10361,57,128
9602,44,138
11084,47,97
11105,81,72
9560,44,138
11272,49,113
12511,97,113
14563,7,0
11607,29,99
14139,29,132
11771,81,93
11709,44,122
11097,51,98
14644,7,0
15203,78,146
13010,43,141
10366,82,0
12437,33,99
10886,103,64
11380,31,132
12478,87,128
13123,51,140
11506,43,102
12443,25,99
13127,67,138
10814,82,0
12103,49,138
11209,97,80
11039,33,126
14326,78,98
12175,57,128
10727,45,145
13952,62,120
13203,52,132
12630,27,102
12322,31,126
10366,71,56
14105,59,140
13342,97,138
14447,45,102
15409,7,0
12665,41,99
13025,87,145
10515,57,128
14046,7,0
10014,37,128
10865,45,145
12678,69,146
15140,97,145
13414,55,140
14288,67,98
12948,58,141
13269,29,141
13498,45,141
11195,47,145
14509,67,98
13627,33,126
14279,7,0
10580,71,56
10720,99,32
13019,41,96
12048,69,131
10637,69,48
11770,69,148
13081,25,132
13106,58,132
11562,25,96
13859,60,98
11033,43,145
9759,33,122
14060,71,74
13319,71,98
12623,67,122
13763,34,126
11147,67,113
14365,87,145
11308,25,132
13962,73,120
9919,47,122
12918,101,77
10914,27,96
11829,39,96
10049,73,64
11635,25,132
14042,41,102
14062,52,96
12306,81,141
12418,57,98
12995,33,126
12338,52,99
12454,59,146
9802,47,128
13437,61,120
9340,42,122
13421,45,132
11278,57,98
10451,34,96
12431,43,126
10649,43,145
13862,97,97
11227,31,96
13733,69,140
10896,57,128
11864,69,98
11716,33,96
10883,37,145
14084,51,146
10930,47,145
14376,7,0
13405,31,126
11424,51,98
13475,71,98
9497,33,138
10727,37,145
11608,97,80
9769,43,138
13322,33,126
11518,55,120
11788,45,145
9608,77,48
12981,41,96
14156,7,0
15025,84,138
13880,51,140
13974,55,146
12891,52,99
11385,67,81
9633,71,56
11484,83,64
11046,99,48
12401,82,0
11503,95,56
11015,31,96
12176,49,145
10791,81,56
12852,41,102
14982,78,134
14027,78,134
10829,101,56
11372,43,96
11498,34,102
12783,87,128
10600,79,0
13761,67,98
14111,78,68
11272,49,138
10049,45,97
12743,27,126
11302,67,74
11145,47,128
11223,69,131
14189,26,24
12600,29,102
14792,29,32
9430,33,113
13185,69,140
13174,33,126
11639,52,96
12603,33,96
11401,45,145
9438,75,40
13461,87,113
9648,47,138
10433,33,128
14090,58,84
12957,43,126
11205,31,99
11035,45,145
12279,69,116
11292,67,74
11149,67,90
12132,97,97
12411,51,146
9605,37,128
11629,29,96
11931,95,56
11390,27,96
12702,53,140
13246,39,132
13052,97,145
13848,65,140
12935,29,126
10110,69,48
13230,41,96
11956,51,140
11425,69,74
10545,57,138
10185,103,0
9698,37,97
11823,31,96
9878,31,138
10817,27,141
13784,69,140
12411,81,148
14349,7,0
15034,69,140
12247,33,96
14462,71,146
13393,51,146
9852,97,0
12262,81,88
9573,33,145
10577,27,96
10437,47,128
11739,87,113
14482,51,140
11522,103,64
14148,29,32
13241,86,120
11053,79,48
11193,69,40
13639,45,99
10911,43,96
13287,71,74
13791,61,120
12612,39,102
13638,89,128
12980,71,74
14973,67,140
12178,25,96
12980,33,102
13804,84,74
14208,11,0
11799,34,141
9403,47,145
10553,31,145
12441,31,141
13219,87,128
13730,84,138
14035,89,128
14502,7,0
12380,33,126
13290,58,96
11543,49,138
11145,97,72
10444,49,113
10365,97,0
15272,94,150
12044,97,88
11648,57,98
10626,95,2
12242,57,120
12010,51,98
10493,57,128
12700,31,132
15366,26,27
13177,69,98
12842,51,98
12019,69,74
12647,103,64
12963,69,68
10482,37,122
13928,55,98
13131,25,96
12670,59,98
12578,45,96
11763,31,126
13612,84,140
9861,82,0
13274,69,125
15498,7,0
10294,83,64
10751,79,56
15032,29,35
15249,7,0
12947,33,126
10245,25,102
14056,45,126
13278,43,132
14378,81,148
13075,69,140
13763,39,126
12874,69,98
11901,29,99
11916,87,97
12537,43,132
11667,57,106
10208,29,138
12459,29,126
9349,99,32
13389,61,120
15185,7,0
14524,69,120
14313,7,0
11680,49,128
10652,37,138
9918,29,145
11663,48,120
13686,45,132
10336,37,128
12896,43,96
10791,77,40
9540,69,48
13651,67,98
11786,87,90
12499,33,141
11731,43,96
13584,39,126
11828,39,126
13356,84,140
13860,41,96
15039,27,40
11811,25,96
9662,43,97
12472,29,132
12202,81,93
12122,62,120
11328,25,126
12081,58,96
11397,87,80
13902,59,140
12428,34,126
11866,39,96
9408,47,106
10054,69,48
9366,70,56
10157,97,0
10545,43,138
12294,47,138
13267,39,132
12397,52,96
11745,65,98
13898,71,68
11404,60,98
12093,33,102
10649,87,56
12505,97,128
12843,45,96
13927,71,140
14036,41,132
11923,29,96
14244,84,98
12201,51,98
13661,89,128
13220,71,120
14339,41,84
12409,43,126
14333,71,140
11749,43,102
11006,91,40
9510,85,32
10747,67,81
14043,65,146
10992,57,106
15069,7,0
14002,7,0
12147,87,128
12600,43,102
12205,49,145
9853,77,48
11160,43,96
13146,71,74
10645,45,145
10455,33,128
12489,25,126
11448,39,96
13254,33,132
9793,67,40
12482,78,98
14517,59,140
9636,66,56
14808,52,126
10876,45,128
10745,87,56
10721,47,145
14272,41,126
11239,103,64
12108,29,132
11616,49,145
13775,43,102
12528,57,98
9628,99,32
9926,69,84
11224,47,145
13137,87,122
9728,37,106
9601,33,145
13642,84,140
11970,33,96
14188,7,1
9518,68,48
14330,89,145
9394,47,113
13378,58,126
14096,7,0
13673,59,140
9923,87,0
9956,67,40
14217,58,126
11901,97,90
14439,52,102
9786,47,122
12048,34,126
14404,78,140
13756,43,132
14494,59,146
12624,33,102
12925,25,126
9333,87,0
13097,53,98
13910,69,74
11417,29,96
11353,27,96
12688,69,131
12824,101,77
13955,53,140
9741,45,113
14289,71,98
12547,34,141
13246,55,98
9983,47,128
13729,41,126
12704,67,128
12300,29,96
12193,27,102
11169,81,80
13531,59,140
9628,103,0
10170,49,122
14854,69,120
