7695,44,88
6928,25,16
4823,27,0
4920,23,32
6977,33,64
7195,33,64
4706,25,0
4726,23,16
7029,27,0
5714,29,32
6440,25,16
5164,7,0
4897,32,0
4887,35,3
7399,23,64
4982,23,24
6031,35,3
6886,29,32
6693,37,81
6624,31,12
6585,23,48
7172,23,32
5477,42,0
5185,23,32
5470,19,0
6725,29,32
5274,19,0
6103,33,24
5005,35,0
7314,43,80
7167,41,33
7587,41,25
6771,33,64
7425,39,13
5307,23,16
4808,19,0
6109,26,34
6754,29,48
6790,27,12
5976,34,0
5181,35,0
6820,39,12
6222,39,33
6010,35,0
6348,31,74
5290,32,0
5595,37,0
6034,26,24
6483,29,64
5546,41,3
4802,11,0
5727,7,0
5730,25,64
5873,29,7
6956,39,12
5079,21,0
6239,29,18
5922,43,0
7067,29,64
6983,35,33
7494,33,16
6586,29,48
7564,29,32
5603,37,0
6268,41,33
6412,35,0
5641,31,0
5101,26,34
6038,23,24
5780,29,32
6298,26,18
6858,29,13
5685,23,32
5732,23,64
4868,23,32
7446,33,81
5240,23,24
5958,41,17
6217,27,0
5139,26,34
7523,8,54
4955,7,0
6839,33,32
6587,29,64
6493,29,32
4935,29,18
6059,29,34
5857,7,2
7677,41,33
6626,27,12
4732,23,0
4647,25,2
6055,43,48
6295,25,32
6829,31,13
5185,29,26
5749,35,3
6748,31,12
5783,43,0
4697,7,0
6112,33,16
5624,31,2
5685,7,2
6095,35,7
5676,29,18
5551,25,24
6643,23,16
6839,33,24
7239,43,40
5684,42,0
6171,22,0
5316,37,0
6330,43,7
5344,29,32
5953,35,6
5275,23,24
7193,41,65
7215,39,0
6922,29,32
6079,23,64
7159,41,65
4707,31,0
6111,25,24
6506,33,32
6559,29,32
5875,29,7
5899,33,24
5456,19,0
5699,35,0
5831,7,2
5336,32,0
5244,42,0
5086,39,0
7126,41,16
6818,27,13
6929,39,12
4621,34,2
6017,29,34
6771,43,7
5339,23,16
6513,29,34
7228,25,48
7401,23,64
5726,43,0
5433,23,0
7127,41,25
4679,31,0
5880,29,3
5653,33,16
6676,23,32
5750,23,0
4703,25,2
6039,31,7
6429,33,32
6325,29,24
6181,29,26
7359,29,26
5367,23,32
6138,29,7
4697,7,0
5324,33,0
6679,23,24
7182,25,24
5396,23,0
4995,37,0
6026,7,0
5791,29,26
4690,23,16
6489,31,81
7046,31,13
6851,26,24
5309,7,0
5356,31,3
6285,37,0
7229,29,81
5638,23,16
5982,29,16
5079,11,0
6022,23,32
5345,28,2
6813,39,12
6115,39,40
6872,41,24
5400,23,32
5588,23,24
6999,29,32
6943,23,16
5499,42,0
6691,25,48
5646,11,0
5883,7,0
4714,22,0
6625,27,12
4858,25,24
7532,23,8
4858,23,24
5733,29,24
5948,25,64
5544,25,0
7056,32,0
7423,39,25
5058,31,0
5524,7,0
5008,25,24
6261,35,7
7351,26,24
6424,29,32
4942,19,0
6326,29,48
5256,23,32
6318,23,16
4819,19,0
5692,29,6
5807,29,16
6400,29,32
6550,35,17
5858,35,6
6030,29,7
6176,43,3
6275,29,32
5960,31,6
7140,41,25
6333,35,0
5108,25,16
5630,35,17
5341,25,32
6366,23,64
6651,23,24
4748,19,2
6985,29,64
5668,26,26
5882,35,25
5952,43,0
6467,29,26
6895,32,0
5583,23,24
6021,39,0
5278,25,24
6452,25,16
6900,31,12
4684,26,18
5715,29,24
4887,23,24
6150,25,24
7226,23,8
5965,37,0
6735,29,26
6337,39,0
5926,27,16
6869,29,13
7480,29,48
5913,43,3
7421,33,48
5177,19,0
5795,35,3
6584,29,34
6277,25,32
6001,23,32
7113,31,13
6005,41,3
5279,19,0
5833,26,34
7231,43,7
5673,31,2
5107,25,0
6406,23,16
7252,26,34
5867,31,0
6210,29,18
7410,39,49
5709,23,32
6425,25,64
6150,25,64
7082,23,48
5225,32,0
4658,43,32
4665,19,0
6266,25,32
5945,29,26
7127,29,13
6696,26,34
6500,29,32
7075,39,33
5041,35,0
7225,23,24
5161,27,0
6911,39,40
7001,27,16
6982,41,16
5205,40,0
5650,31,0
6806,29,18
6693,23,16
6145,25,48
5447,32,0
5810,29,32
7572,33,48
7005,27,13
5842,19,0
7001,31,13
6302,27,16
4986,25,24
7112,26,24
5295,25,32
7342,23,32
6067,29,24
7263,41,33
5826,42,0
4679,23,16
5825,39,0
4874,27,0
6231,41,25
5831,31,6
6439,27,0
5359,22,2
7119,29,26
6114,31,7
5198,23,32
5413,23,48
4922,19,0
6453,23,16
5567,19,0
6585,41,24
6563,23,48
5139,41,16
5714,23,32
4985,23,32
4739,19,2
4723,31,3
6652,26,24
7127,29,13
4841,23,32
6171,42,3
6077,26,34
5711,26,26
5933,29,18
6097,25,32
6796,29,48
5079,19,0
7358,41,32
7236,29,34
6370,41,33
5066,27,16
6847,31,13
5928,29,32
5233,25,0
6491,29,16
7357,27,16
6253,35,33
4798,21,0
6310,31,7
4667,27,0
5854,31,6
5984,42,0
5703,35,0
6794,33,48
5962,27,0
7257,41,17
6467,26,24
5119,25,32
7444,29,72
5885,33,24
6318,25,16
4661,23,0
5802,35,6
6349,33,32
7390,29,48
5965,29,7
6630,39,49
7380,29,32
7601,27,16
5966,39,0
6978,39,65
7345,26,24
5924,39,0
6407,43,0
5205,35,0
6296,42,3
6863,33,32
5900,29,26
5113,31,3
5175,34,0
6495,29,26
6830,27,13
7073,39,0
7631,26,24
5898,25,16
7173,33,32
5956,7,0
6675,31,74
6922,31,12
5378,29,16
7204,29,34
6019,33,16
7226,23,32
7237,41,16
5656,37,3
5466,23,32
6700,31,12
6801,41,32
7510,29,32
4976,35,0
6939,26,24
6145,25,48
7111,39,65
5677,31,2
6706,41,24
4666,37,0
4874,29,18
5543,29,18
5122,37,0
7554,29,24
5824,23,48
6814,39,12
5827,31,3
5304,34,2
7604,23,8
6633,23,24
5861,31,6
6360,41,16
5334,32,0
4909,23,0
7564,29,32
6447,33,24
6440,33,32
5690,29,6
5687,23,0
5023,31,2
5856,29,32
6794,25,32
5820,37,0
5991,35,33
5668,40,0
6093,29,32
6661,25,48
7141,23,16
7151,33,32
6052,43,6
5690,26,24
7599,29,32
6036,35,33
4927,29,18
5769,33,32
6018,31,0
5496,19,0
6569,23,24
6270,29,24
5343,27,0
4631,37,0
5885,37,0
6454,29,32
6295,29,24
6058,31,7
6826,27,40
5173,41,32
6835,31,13
7276,42,0
6490,37,0
5343,19,2
4892,42,3
6590,39,0
5019,23,0
5333,35,3
6278,26,24
5066,35,0
7501,41,24
6618,35,17
6895,33,32
6992,39,12
6508,29,24
5083,39,0
4823,27,0
7126,43,7
6765,39,49
5695,29,26
5778,19,0
6071,23,8
5825,23,48
5642,19,0
6958,26,24
5792,29,6
6607,29,64
5891,29,7
7396,35,49
7067,31,81
4815,19,0
5311,34,2
7244,23,24
5989,23,16
7465,27,16
6199,41,33
5132,33,0
6934,39,12
6644,26,34
6985,29,24
6038,7,0
7246,29,64
7088,33,24
6171,32,0
7493,23,64
6720,27,12
5632,27,16
5267,37,0
5860,31,6
5964,39,0
7664,27,16
7085,33,32
6709,29,16
6730,27,12
4968,37,0
6652,35,49
5710,23,0
4971,25,32
7190,25,48
6990,8,54
5520,19,0
5952,29,32
5788,29,6
7417,41,16
5218,23,24
6083,31,0
5923,35,33
6465,31,0
6718,29,48
5040,32,0
6673,23,32
5552,29,16
7117,43,7
6153,25,32
4747,27,0
5246,19,0
5627,42,0
4743,22,2
5308,19,0
5211,12,10
7090,41,33
6514,26,26
6087,23,32
6451,29,26
7378,33,16
5897,31,7
5343,34,2
7304,33,74
5764,23,48
7530,26,24
7083,39,13
5855,35,6
6149,33,32
7536,39,49
4775,27,0
7506,33,48
5926,29,6
5311,27,0
5076,19,0
5805,29,24
5697,19,0
5603,25,32
6883,41,49
7182,23,32
6049,29,32
5793,35,6
5181,31,0
5505,39,0
5634,29,18
6710,25,32
6232,27,0
6035,29,16
5987,35,6
5723,29,18
6549,37,74
6612,43,0
7412,27,16
7120,23,8
5910,29,6
5045,35,0
6732,26,24
5915,27,16
7142,27,40
5480,29,16
7461,41,16
5249,37,0
6117,35,33
6880,29,18
5811,35,6
7572,41,32
6857,27,0
4781,29,18
7124,33,32
7663,41,32
7302,23,32
6823,27,13
6981,37,74
7620,26,24
6706,25,32
4939,23,24
4852,21,0
6018,23,48
7036,29,16
6133,25,48
6271,29,24
6620,39,17
5036,22,0
7559,25,64
4655,19,0
6051,43,3
6769,33,16
7476,29,34
7037,39,0
7166,29,64
4922,12,8
5190,31,2
7453,33,80
6117,7,2
5717,23,32
5982,27,0
5465,23,48
6722,25,32
5909,31,7
4682,31,0
6088,39,33
5764,39,40
4781,19,2
6818,31,12
5216,25,2
5862,35,6
5951,29,34
7379,43,0
5961,43,3
7176,29,32
5796,23,48
7353,42,40
5053,23,16
5844,23,64
6621,23,48
6808,32,0
5211,19,0
4769,31,0
6415,35,7
5901,35,6
6161,33,16
6581,29,34
7242,29,24
5301,29,34
5175,32,3
5235,43,32
5335,23,16
5468,33,0
7165,29,32
7117,29,72
6056,31,7
4698,28,2
5684,29,32
5789,23,16
7215,27,16
7028,25,64
5803,23,64
6547,23,24
6859,29,13
7118,41,33
5048,37,0
5472,29,18
5432,12,8
5662,7,0
7412,27,40
5618,29,32
7010,37,72
7362,29,48
7053,29,26
5336,23,0
5455,26,18
4866,37,0
4744,7,2
7120,35,33
7346,33,48
6737,39,12
7150,29,34
6721,39,12
6501,29,16
6602,23,8
6231,29,24
4717,19,2
5491,11,0
5299,43,3
6800,43,7
6899,8,54
5463,25,32
5302,28,2
6678,29,32
5338,7,0
6730,29,48
4886,31,3
4722,42,0
5303,29,34
6962,23,64
7125,43,7
7635,33,24
4951,19,0
7053,33,32
6795,29,48
5546,39,0
7674,41,49
6941,29,64
6733,27,12
5739,19,0
4808,29,18
6589,27,16
5522,25,0
7040,41,25
6283,29,18
6931,23,16
6543,29,34
6713,25,24
6985,25,64
6142,29,18
5888,25,16
6175,23,16
5165,19,0
7099,31,13
5626,19,0
7422,8,60
7600,23,16
5840,37,0
6759,33,64
5746,26,18
5570,23,32
5164,37,0
7633,41,33
6021,29,16
4756,29,18
6110,23,48
6716,27,16
6811,29,32
7164,41,24
7427,39,13
6147,23,64
5576,29,16
6638,23,32
5732,41,3
5003,29,26
5750,43,16
7143,23,16
5653,31,0
4758,19,0
7087,29,26
4909,35,3
6525,29,34
6542,23,48
5301,39,0
4852,29,18
6725,25,24
5701,41,32
6576,33,32
6662,33,64
5075,31,0
6122,25,32
5410,27,16
7434,35,25
5696,35,17
4652,19,0
4991,23,0
6269,42,0
6009,27,0
6891,33,64
7359,35,25
5370,25,16
6863,29,34
7521,26,24
6388,39,0
7175,23,24
5063,23,32
5786,29,32
5689,23,32
6488,35,0
6063,32,0
6918,42,40
6702,39,12
6580,29,32
5562,29,24
6298,35,0
5571,31,3
5800,43,6
6660,23,8
6891,31,12
6750,43,7
4683,31,0
7373,37,81
5708,31,6
6690,29,32
5694,29,6
7179,25,32
4900,32,0
7214,41,32
6368,23,16
6080,41,17
6060,23,24
5099,31,2
5010,32,3
6826,25,32
6704,39,49
6739,23,16
7486,8,60
4749,19,0
7102,35,7
6972,29,24
6033,29,34
6986,29,34
6658,35,7
4982,19,0
6005,7,0
6472,33,32
7600,43,0
7205,33,32
6731,31,0
4963,31,0
4820,37,0
5397,41,32
5933,26,24
6956,41,24
5003,26,26
6938,39,12
6087,7,0
6993,27,16
7084,32,0
6599,23,32
7037,25,64
6337,43,48
5828,35,6
5623,25,24
5229,39,0
6181,29,32
6956,23,16
6689,39,0
5164,39,0
6029,33,32
5317,25,2
6700,37,80
5838,23,16
5785,23,48
6217,23,32
7416,25,64
5052,39,0
5040,19,0
5860,25,64
6515,42,3
7186,29,32
7382,25,32
6027,31,7
5029,19,0
5088,23,0
6050,31,7
5611,29,24
4738,23,16
6325,33,32
5864,31,6
5974,29,26
5829,29,24
5823,35,6
6185,41,24
5906,39,0
5693,29,32
5103,23,32
5012,28,0
6732,41,49
6005,19,0
6101,7,0
6265,29,32
5785,29,6
7435,35,33
5284,35,0
7102,29,32
4829,31,0
6464,23,64
4840,25,32
6136,35,3
5765,39,0
7648,33,48
5168,39,0
5044,31,2
7240,41,24
5786,35,6
5654,37,0
5752,35,0
7290,29,64
5166,31,2
6266,39,0
6610,29,34
4819,31,0
5857,7,2
5000,25,32
5074,25,16
5720,29,26
4633,37,0
6469,29,26
6962,29,24
5170,21,0
5247,37,0
7676,29,32
6755,29,24
5480,39,0
7005,23,16
6073,43,0
6990,23,16
6776,23,32
5802,42,0
7230,41,24
5432,33,16
6921,29,32
6816,29,48
5198,23,8
6233,25,64
7404,23,16
5995,26,26
6848,26,18
5866,31,6
5695,31,0
5997,35,25
6771,29,24
6284,26,24
5926,29,26
7547,25,64
6326,29,32
6004,31,7
6303,39,0
6954,38,16
5970,43,0
5823,35,6
6764,23,16
5604,41,3
7034,33,24
6436,29,64
5971,35,6
4886,19,0
6914,41,16
5253,25,2
4869,25,0
6086,8,24
4750,21,0
6864,8,54
5883,25,48
7423,23,64
6566,26,26
6154,29,48
6178,29,48
6626,26,34
6082,23,32
5834,43,3
7517,8,60
6340,41,33
7108,41,33
6575,35,49
6317,43,7
6082,29,48
7694,23,48
6309,29,34
7066,26,24
6893,33,48
5396,34,0
7476,41,25
5615,29,18
6168,25,24
5445,7,2
7614,34,68
5062,25,16
5403,19,0
4671,7,2
6947,29,32
7293,39,13
7277,26,24
6124,39,25
6154,29,18
6660,26,34
7001,27,13
6487,26,26
6743,31,12
5874,31,6
6801,29,32
5930,12,10
4825,37,0
4967,23,16
5790,26,34
5808,33,32
6872,43,32
6146,23,32
5729,7,0
6877,35,65
6318,33,32
5670,26,26
6437,29,32
5611,25,24
6254,29,18
7185,23,24
6782,27,0
5848,29,34
4934,23,24
5874,39,17
6303,31,2
6189,23,32
4643,37,0
6024,29,16
6043,31,7
6945,29,72
7395,35,33
5747,7,2
6792,27,0
5875,29,34
5461,37,0
6159,27,16
7487,41,24
5718,39,0
5760,26,24
6380,37,0
6621,31,12
7252,29,34
5543,23,32
7080,41,25
5078,27,0
6819,27,13
5037,37,0
7211,33,64
5851,35,6
5311,31,0
6933,8,54
5211,27,0
6469,41,40
6123,31,0
6998,41,32
4993,25,32
5746,35,17
6881,23,64
7017,29,48
4877,19,0
6948,27,13
5807,39,0
6930,39,33
4838,19,0
5932,31,0
6504,26,24
7345,39,25
7588,29,32
5640,27,0
7156,23,48
5926,43,3
7509,23,8
7375,29,32
6197,25,64
5423,41,3
7565,29,80
6756,33,24
4919,23,32
6496,31,80
5622,29,18
6379,43,56
6931,29,32
6198,43,0
5052,23,16
5827,31,6
5961,35,6
7501,41,16
5319,7,0
7466,29,74
6527,23,32
5357,35,0
6978,31,74
7513,23,64
5010,23,16
4835,31,0
7119,29,32
6254,33,32
5523,31,3
6233,39,33
5950,23,0
6128,33,16
7279,29,32
4684,23,0
6310,29,18
6053,31,7
5724,31,2
5503,7,0
5626,35,3
7239,37,74
7543,23,16
5439,27,0
5556,35,3
6943,29,48
7004,31,13
6682,39,12
5912,43,3
5819,19,0
5716,31,6
6620,31,12
4805,33,0
6771,27,16
5285,35,0
6004,35,6
5840,37,0
6010,23,48
6172,29,18
7443,35,49
6546,26,26
5220,25,0
6213,29,18
5653,37,3
5406,39,0
6200,33,16
5291,19,0
6342,42,0
5888,12,10
5781,43,3
6635,23,8
5250,19,0
5898,31,7
6706,39,12
6549,23,32
5891,12,10
5055,29,26
5831,34,0
5310,23,16
5852,19,0
7011,25,16
6844,29,18
6323,43,16
5499,29,18
6522,34,2
4703,25,0
7629,33,64
6020,34,0
7308,29,32
5989,31,0
6324,43,7
6009,19,0
5319,25,32
5540,37,0
6485,41,33
5060,25,32
6428,35,7
7007,31,72
6337,29,32
6491,33,32
6565,34,2
7275,33,48
5800,39,17
6468,43,7
5846,25,48
5663,39,0
4927,19,0
6100,31,7
5336,42,0
5902,43,6
6045,27,0
7131,33,32
7244,33,32
6132,7,2
7127,33,24
5700,31,2
5791,35,3
4805,31,0
6930,43,0
6702,25,32
7427,39,13
6824,39,12
5292,39,0
6389,29,80
6304,31,7
6336,23,8
5842,29,6
7636,23,16
6358,23,64
5418,27,0
6294,23,16
5856,34,2
5332,23,32
5859,29,7
6309,41,32
7011,25,16
7197,23,24
5700,31,2
7515,35,33
5578,19,0
7029,35,33
6976,29,16
6271,29,72
5306,29,16
6582,37,72
5875,19,0
4773,32,3
6307,39,33
6088,7,2
6975,23,64
7563,41,16
6948,31,12
5513,23,48
5466,25,0
5975,31,6
7194,43,72
5022,31,0
4693,19,0
6254,29,48
5811,23,16
5429,23,32
6923,29,32
4667,23,0
7476,31,74
5487,25,32
6636,43,48
7368,31,13
7206,43,7
7161,43,48
7038,29,13
4839,7,0
5563,31,3
6287,31,0
5867,25,16
5866,33,32
4842,7,2
5418,7,2
6175,23,64
5924,7,0
5938,31,0
7288,41,32
5628,31,2
7374,41,24
6530,42,0
6244,25,32
6778,29,18
6105,29,34
6702,39,0
6362,33,24
5338,25,24
5028,31,2
7660,35,65
6412,41,33
5251,23,0
6063,29,24
5871,26,26
5239,34,2
5257,29,26
5907,37,3
6805,39,12
7174,41,16
5298,19,0
7195,27,40
6129,35,0
6082,29,48
6126,35,33
4912,23,32
5851,23,16
5270,29,34
5623,25,24
5622,23,32
5077,31,3
6909,8,54
5295,29,34
5677,32,0
6121,27,0
7422,41,24
6935,29,32
6367,39,33
5691,41,3
5811,29,16
6827,29,32
5846,23,16
6006,26,34
5677,31,2
5754,7,0
6509,26,24
7235,33,64
7614,41,49
5776,41,32
6617,26,24
6975,31,13
6183,39,25
6411,33,24
6761,31,12
4757,31,0
5635,7,0
6611,8,54
5944,29,34
6994,35,25
6525,35,49
6429,35,0
6608,39,40
5688,41,16
6305,29,32
5298,31,0
7235,8,60
6602,29,34
5770,19,0
5791,31,6
5990,25,0
4687,31,3
7069,37,81
7206,33,64
7272,26,34
6285,41,48
7090,39,17
5132,21,0
5043,11,0
5840,43,0
4953,28,7
6876,39,25
6621,41,16
7346,23,32
5364,23,0
6480,43,7
4667,27,0
5684,27,16
6837,31,13
7359,25,32
7473,23,64
7041,29,32
4755,37,0
7328,35,49
6169,41,40
5439,7,0
6997,43,16
7079,29,32
6934,43,0
6176,23,64
6565,26,24
7033,29,26
5654,39,0
5225,31,0
4989,23,16
7597,41,33
5873,29,7
5112,37,0
6864,33,48
5872,29,26
6455,23,64
7136,29,13
5300,23,16
7174,41,48
5284,23,32
6671,23,32
5150,7,2
7302,23,8
5135,11,0
5866,35,6
5794,7,0
5678,37,0
5819,31,0
7243,23,8
6066,31,7
5837,25,48
7052,39,65
6753,31,12
6733,27,12
5943,29,26
7484,42,0
5515,19,0
6795,41,48
6545,23,24
7243,33,64
6798,31,12
4930,32,0
6275,38,16
6953,39,12
5718,27,0
5684,29,32
7674,27,16
6009,23,24
5878,29,26
6296,23,16
5364,19,0
6742,39,12
6141,43,3
5937,43,3
5887,23,8
6547,22,0
7385,41,48
7434,26,24
6865,23,8
7207,23,24
6821,27,13
6450,41,33
5816,29,26
5325,35,0
6834,32,0
6810,41,49
6339,33,24
5614,23,32
5821,35,17
4984,7,0
7666,29,32
5914,31,6
5409,25,32
7012,29,80
6917,39,0
6745,29,48
5144,7,2
7032,25,16
6071,19,0
6875,31,7
7010,8,54
5815,35,6
5891,42,3
6501,27,16
6539,23,8
5003,31,0
6951,8,54
4855,17,0
7314,23,32
5589,29,32
7353,29,48
6516,25,64
5198,29,34
6074,23,32
7426,39,13
6704,31,72
6233,26,18
6619,29,34
6585,25,24
4969,31,0
5584,33,16
4904,19,0
5787,19,0
7556,29,32
6656,23,32
5611,32,3
6308,43,32
7389,33,48
4662,29,0
7064,35,7
6509,34,2
4985,19,0
6959,39,12
6252,29,32
7056,33,24
6642,25,48
5358,41,3
7059,35,7
5302,19,2
6604,26,34
4763,19,2
6420,38,16
5888,25,64
6114,23,48
4878,27,0
5312,7,2
6383,35,3
5642,39,0
5959,11,0
5119,39,0
4994,35,0
6193,29,32
6507,35,3
6495,25,64
7098,29,13
5799,19,0
7275,29,32
5791,39,0
5793,29,6
5616,7,0
6195,29,24
5345,23,32
6257,29,32
6823,29,12
6666,29,34
6149,27,0
6670,39,0
7324,23,32
5693,29,18
5224,23,0
5650,29,18
4737,28,0
4981,29,3
6116,33,16
7124,43,40
7282,8,54
6187,25,64
7299,25,32
6060,35,33
5575,29,18
6344,43,7
6068,7,0
6751,39,12
6413,29,32
6677,25,24
6613,23,48
6395,26,26
6789,39,0
5366,19,0
5242,37,0
6408,29,26
5633,42,0
6092,23,64
6880,26,18
6720,39,12
7155,39,25
7509,25,64
4647,34,0
7038,29,13
5404,23,0
6832,29,18
5935,35,0
5568,42,0
6959,33,32
6033,31,7
6709,25,24
6626,29,74
5625,31,0
7692,39,13
4620,31,0
7298,39,13
5336,37,0
7435,41,17
7292,23,32
7500,23,12
5960,33,32
5141,25,32
6810,29,26
7382,25,32
5751,26,34
6899,35,25
7640,29,32
6616,27,12
5011,23,32
7011,33,32
7334,33,72
5247,19,0
7332,33,64
5348,25,2
7242,25,24
7672,27,16
7099,29,26
6746,39,17
5985,29,7
5919,29,34
6839,27,13
4802,11,0
5028,29,26
6386,23,16
6617,29,16
5293,19,2
6110,35,7
6724,27,12
4686,40,0
5749,25,32
5624,26,18
7103,26,26
6748,26,24
5939,7,0
7142,33,64
6696,31,12
7248,29,32
5363,32,0
7490,29,48
6819,33,24
6977,29,32
5592,25,32
7552,33,48
7439,23,8
5838,35,6
7380,29,64
5747,29,26
5174,26,34
5868,35,6
7151,35,17
6035,31,7
6530,26,26
7239,42,0
5533,25,32
5237,37,0
5798,39,0
6608,27,16
7006,43,0
5941,35,7
5849,39,0
7313,39,13
5917,37,0
6534,23,48
7206,29,64
5976,26,26
5391,25,48
6042,22,0
4790,19,0
6925,29,24
6103,23,24
6821,27,13
6842,33,48
5695,26,18
5084,43,0
7507,31,72
7555,35,33
5024,32,3
5962,37,0
6989,27,0
6910,23,64
5388,23,32
6781,31,12
6010,29,7
7225,43,56
6399,29,32
5911,42,0
5955,29,16
7178,29,34
4834,12,10
6225,29,32
5267,21,0
6901,23,8
5855,29,16
6802,35,25
5590,23,24
5340,27,16
5897,31,7
5428,23,32
5703,31,6
5892,35,6
6098,31,7
7064,41,33
6440,23,16
6826,39,17
5910,29,32
6826,29,48
6956,39,12
4695,23,0
5898,31,7
5935,7,2
5250,19,0
5925,39,0
5760,23,16
5795,31,6
4909,23,0
6125,29,16
6019,33,24
5486,23,24
6267,29,18
6361,35,0
5348,42,0
6703,29,64
7606,33,48
6474,29,26
6987,39,40
4931,23,24
6325,23,16
5801,35,6
5152,23,0
7102,29,32
7155,26,26
5114,19,0
6752,31,12
4952,23,0
6332,41,25
6308,31,7
6545,33,48
5559,37,0
6136,23,0
6865,39,13
7091,43,7
7635,29,32
7076,37,80
6623,29,34
6225,23,32
5770,25,32
6624,27,12
6791,35,33
6619,31,12
6363,33,24
7043,31,13
6858,29,13
7640,41,49
5392,25,16
5749,25,32
6418,29,24
5793,35,0
6697,39,12
5863,41,40
5903,31,7
5847,22,0
6012,31,3
5684,25,32
6956,27,13
6939,26,24
5418,40,0
5327,31,0
4777,37,0
7221,41,17
6547,29,32
7002,39,25
6553,33,16
6067,29,34
5961,31,6
7164,43,74
6795,26,18
6935,27,0
6959,29,32
7311,29,48
7061,29,26
6697,29,16
6374,29,24
5621,7,0
4650,28,0
7154,39,13
5775,29,6
7162,39,13
6285,29,24
7275,29,32
4905,17,0
5228,41,3
5538,25,48
5477,42,0
7042,29,32
6988,29,32
4955,23,32
6619,27,12
5884,29,26
5968,27,0
6362,29,32
5912,41,16
5778,43,6
5759,23,64
6970,23,64
6110,25,0
6292,41,16
7087,29,74
5183,19,0
6042,43,16
5219,25,2
5866,31,0
6711,33,64
6867,29,32
6973,41,40
6255,26,18
6928,35,33
6259,29,16
6693,31,3
5534,23,8
6407,39,40
6827,39,0
5276,31,3
7265,25,24
6073,43,0
6210,25,64
7664,23,16
4952,33,0
6008,33,32
6838,43,0
7425,39,13
7080,23,48
6946,39,25
7064,26,24
6594,29,34
7466,39,33
5962,29,32
6035,43,6
4713,21,0
6870,35,25
5388,27,0
7005,29,81
5190,7,2
4706,19,2
6982,29,32
6097,7,2
6233,43,0
6013,35,6
5629,26,26
6426,29,26
5603,25,32
5880,31,0
6934,8,54
7015,33,32
5972,42,0
7164,39,0
7142,29,64
5268,25,2
7574,41,49
5542,29,32
4836,19,0
7591,29,48
6350,29,48
7220,26,34
6680,35,7
5032,25,16
6115,35,3
4942,37,0
5244,23,16
6082,43,0
5726,31,6
6050,39,25
6856,29,48
5055,11,0
7074,31,80
7048,35,17
5768,23,16
5288,35,3
7302,29,24
7060,37,0
5370,25,16
5076,25,24
6483,25,64
7330,23,16
6731,27,12
6801,43,7
7403,25,32
5792,31,6
6619,23,24
7191,39,40
5080,27,0
6045,29,16
6075,7,2
5182,39,0
5269,37,0
6525,23,32
6963,27,13
7236,29,80
5808,31,6
6432,23,64
6944,39,0
6313,31,2
7057,35,17
6201,26,18
7424,27,40
5808,23,64
5657,31,0
4775,27,0
5799,26,34
5876,43,0
6745,23,32
6466,33,32
4919,12,8
5404,37,0
5779,31,3
7159,29,24
5373,35,0
5237,25,2
5359,25,16
5280,35,3
4838,31,3
5261,25,2
6858,33,48
5285,23,32
5407,7,0
7690,41,25
5001,31,2
7246,41,33
6124,27,0
5649,11,0
5296,32,0
6230,23,32
6803,39,12
7179,27,0
6018,23,0
6281,31,2
4678,19,2
6379,33,24
6782,31,12
6507,29,18
5875,31,6
7327,29,48
5803,29,6
6085,23,48
7361,23,32
6995,31,13
6474,29,26
6942,33,48
5318,27,0
6053,43,0
4967,23,32
5347,23,0
6464,29,26
6138,25,24
7057,25,64
5173,29,34
6937,29,64
5306,25,32
6124,25,32
5652,19,0
5137,27,0
7151,8,54
7135,29,26
6045,29,32
7222,23,32
7424,33,16
7204,23,32
6211,29,24
6219,42,0
5986,29,7
5024,23,16
5886,25,16
6988,25,16
5395,23,0
6417,35,7
6105,23,48
5016,19,0
5824,19,0
5360,43,3
7031,33,32
6812,39,12
7261,33,64
4831,31,0
5261,23,24
6144,35,7
7551,29,32
7080,41,32
6502,29,26
6866,33,16
4622,40,0
5378,41,16
6266,26,18
5315,25,24
6294,33,32
6758,23,32
6050,41,17
6553,27,40
6857,27,12
4668,23,0
6342,33,32
4940,26,26
6859,35,33
5355,21,0
4887,35,3
7085,29,64
5818,33,32
6912,41,49
5402,29,16
6731,29,16
6896,29,16
6018,42,0
5917,29,32
5823,29,34
6517,29,16
6396,29,26
5850,33,16
7346,39,33
4630,22,0
4764,25,16
4748,31,0
6555,29,18
4755,26,18
6246,29,18
4893,19,0
6975,23,16
5357,29,34
6114,23,64
5932,31,7
6092,33,16
5450,25,32
6812,27,13
7487,27,16
6265,26,24
4619,19,0
7034,29,13
5112,37,0
6241,39,0
7362,27,16
6887,35,33
7160,41,16
5536,42,0
6358,33,48
5677,29,32
5627,29,18
5128,25,0
4998,29,0
5438,43,3
6655,34,2
6870,39,17
5692,29,6
7318,29,16
5724,31,0
5457,23,48
6334,33,24
6854,41,17
6769,26,24
4883,29,18
6697,29,32
7002,29,24
4918,37,0
6718,29,81
5645,42,3
6356,29,32
7428,29,32
6100,23,0
6014,27,0
5435,11,0
6996,35,33
7397,39,25
6565,33,16
5205,23,24
5901,35,6
6758,31,3
5251,35,0
6106,12,10
5241,23,32
4683,25,0
7262,25,32
6624,27,12
6315,31,7
7609,29,48
5839,19,0
6502,33,16
5754,32,0
5070,31,0
6673,25,48
6210,23,16
5230,35,3
5773,33,16
5996,39,0
6204,29,32
5933,39,17
6139,35,7
6637,29,32
6890,33,32
6435,25,16
6265,41,25
6135,23,64
6757,43,56
6538,29,26
6162,39,33
5984,23,0
7167,26,34
5742,23,48
6926,27,13
6921,23,16
6221,23,8
6134,25,32
5818,42,0
6568,29,34
5226,29,34
4842,37,0
6828,41,17
5888,12,10
6082,33,32
6830,25,32
6334,41,33
5857,22,0
6111,29,24
7097,25,48
5910,31,0
4970,23,24
7011,26,24
5563,23,32
5342,11,0
5973,7,0
6860,39,33
5248,19,0
4640,25,2
7646,27,40
6382,29,81
6795,31,12
5790,33,24
7413,29,74
6892,32,0
6246,29,18
5122,34,2
5791,19,0
5412,26,18
5811,31,6
6207,41,25
6406,33,48
7337,41,16
5797,29,6
5319,19,2
6885,27,12
6282,35,7
7550,23,8
7100,41,48
5202,25,32
5036,7,0
5845,19,0
5236,23,16
5075,19,0
5993,23,32
5775,39,0
5486,11,0
7251,41,16
7037,23,8
5952,42,0
6655,29,72
6925,35,65
6064,43,16
6054,43,6
7285,29,32
5539,25,48
5797,35,6
5799,35,6
5743,39,0
6352,23,8
6769,43,7
6753,31,12
7573,29,24
7135,26,26
5325,25,24
5771,41,24
5565,29,18
7176,29,64
6099,31,7
6572,26,34
5121,42,0
6908,33,48
6979,26,24
5055,23,32
5383,23,48
7557,41,33
6193,29,32
5867,31,6
6435,23,64
7132,41,24
5351,31,0
6138,23,32
7209,41,33
5929,39,0
6661,35,7
5306,23,0
5566,43,0
5474,23,32
6925,39,0
5416,7,2
6816,39,12
7168,39,17
6430,35,7
6602,29,34
7647,41,24
5778,23,0
5531,7,2
6799,31,12
5364,23,0
6248,29,18
6424,35,7
6141,26,18
6998,8,54
7292,33,64
6447,43,16
6659,27,0
5958,41,32
6128,26,34
5390,25,2
6983,39,12
6001,35,6
5087,25,16
6104,31,7
7174,23,48
6003,33,32
7235,41,33
6571,29,64
7104,29,18
5846,7,0
5579,29,32
6059,27,0
7131,39,33
6674,25,32
6517,39,0
5157,37,0
5911,7,0
4778,19,0
4892,15,0
7087,35,7
6767,31,81
5489,31,3
5180,27,0
6594,34,2
6676,26,34
6503,29,32
6815,8,54
4809,17,0
5942,31,6
4766,25,16
5364,23,0
7490,29,48
5156,7,0
7299,39,13
6900,26,18
7332,41,17
5928,34,2
6414,29,32
6652,35,7
6241,29,74
6062,33,16
5992,37,0
4954,23,16
7256,41,32
6623,33,48
6193,29,32
6848,41,49
4690,19,0
6806,29,32
6005,29,34
5049,37,0
5779,34,0
7355,8,60
6809,39,12
7025,25,64
7022,41,33
5517,25,48
5961,27,0
5956,41,48
7005,39,33
5387,31,0
7372,31,13
5831,7,2
6950,29,32
5951,31,6
5099,37,0
6821,33,24
5307,25,16
5429,12,8
6177,43,0
7162,39,13
5304,23,24
6233,31,2
7394,35,25
7225,23,16
5403,7,0
5902,41,16
5993,37,0
6215,27,16
5421,26,18
7690,29,32
6243,41,32
7366,33,16
6305,41,33
5142,25,32
5883,33,32
6495,25,64
7501,29,32
7313,29,13
6796,23,32
6017,23,24
5737,34,0
7251,29,48
4886,41,32
7502,41,32
6082,23,48
7062,39,13
6953,23,16
5806,31,6
7334,23,16
5882,25,64
5257,25,32
5790,19,0
6300,41,25
6404,29,32
7559,29,24
6638,29,34
5873,29,7
5652,31,2
6998,29,32
4826,25,16
7544,39,33
5837,33,24
7140,27,16
4737,26,18
6419,27,16
6237,29,32
7050,26,26
6460,23,64
5829,19,0
5598,43,0
5408,37,0
7498,26,24
5444,37,0
6986,39,33
5356,7,2
4903,19,0
7304,29,16
5273,42,0
6009,35,6
4937,31,2
5862,19,0
6828,31,13
5538,23,32
4742,25,16
7435,26,24
7304,8,60
6737,29,16
6189,29,32
4906,19,0
5124,29,26
5991,29,34
7513,41,33
5479,19,0
5208,37,0
6982,33,48
7003,35,65
6998,29,32
7154,23,48
6412,39,0
6932,23,64
6455,26,26
7000,31,13
7241,23,32
5917,25,16
5306,29,16
6081,25,48
5224,27,0
7512,8,54
5196,39,0
6167,23,32
6277,35,3
5905,29,7
6360,33,32
5156,26,34
5416,26,24
6402,33,32
6707,29,16
5688,29,32
6871,41,17
6059,7,0
6717,31,0
5632,33,16
4794,35,3
4687,23,16
6313,33,24
5892,37,0
4950,19,0
5043,19,0
6582,29,48
7222,25,48
4916,12,8
5869,43,6
6567,33,16
6270,33,24
6575,41,48
7111,35,17
7260,41,65
5441,25,32
5685,29,18
5644,25,24
6888,33,48
4644,35,0
6738,31,12
5823,29,26
5893,39,0
6785,33,16
6437,34,2
5934,25,0
6845,29,32
5974,31,3
7103,29,64
5649,19,0
5598,25,48
7194,23,48
4640,41,3
6015,41,17
6169,29,16
5936,29,26
5773,40,0
7380,33,16
7143,29,64
5918,43,0
5348,34,0
4736,43,0
4743,25,2
6139,25,24
7529,35,49
7170,29,34
6630,29,48
5355,25,2
5920,42,0
6671,29,16
6512,26,34
5729,23,48
6706,41,16
6889,23,64
5601,19,0
6028,39,0
5190,19,0
5303,23,24
6003,35,6
7106,41,25
6635,41,32
7402,8,60
6378,31,72
6540,33,32
4976,26,26
6323,41,16
6282,26,18
5221,43,0
5794,43,6
6403,25,16
5558,23,24
4993,26,26
5118,31,2
6807,37,3
6796,31,12
5115,23,32
6281,35,7
5686,29,6
7104,23,48
5907,31,7
5494,23,24
6735,27,12
7029,29,13
6626,23,48
5810,25,48
5982,26,24
7097,29,32
7142,39,17
5277,7,0
6679,29,64
6715,39,12
6325,43,7
5794,31,6
7042,23,8
6747,39,12
5373,26,18
7216,29,34
6415,29,16
6921,31,12
5168,22,0
6566,35,0
4702,19,2
5953,27,0
7480,39,49
5924,31,7
6206,33,48
6148,27,0
6995,33,32
6971,23,16
4623,19,0
7089,29,48
6318,26,18
5447,29,18
7033,29,48
5211,12,10
4635,23,16
7458,8,60
5501,31,0
6098,23,24
5578,39,0
6868,29,3
5016,25,24
7221,26,24
6662,25,48
7410,41,24
6391,33,32
7312,29,13
4844,33,0
6849,39,12
6725,29,80
6763,31,12
4791,41,16
5220,23,32
6811,35,65
5795,39,0
5756,29,32
6014,27,0
5099,29,26
5944,26,26
4899,15,0
4854,29,0
6690,39,17
6083,33,16
5200,37,0
6178,35,33
5143,31,0
5699,29,24
5415,7,0
5692,29,6
6882,41,16
6899,29,48
5501,23,48
6787,41,17
7393,27,16
5625,25,32
5525,43,0
7307,43,81
5885,35,3
7364,8,60
5248,25,2
4761,31,3
7677,29,48
7377,37,80
5969,29,7
4751,29,3
5695,7,2
6390,31,2
6226,33,32
5930,39,0
6980,29,24
6447,23,0
6742,35,17
6859,8,54
5654,19,0
6217,29,32
6904,31,12
6745,29,24
6034,31,7
5276,7,2
5737,25,32
4737,32,0
5465,23,48
5986,34,2
5811,23,64
5192,25,2
4981,19,0
7010,42,0
6480,41,16
5763,43,32
7475,23,64
4789,31,3
5903,43,6
6409,35,0
5563,23,24
6496,33,32
6090,23,24
6073,35,25
5731,31,0
6230,43,0
5948,35,25
6197,29,18
6920,27,40
5479,38,16
5389,22,2
4996,19,0
6091,32,0
6513,29,26
5669,31,0
6518,39,0
6585,33,16
5817,31,6
6582,25,32
5130,29,26
5644,19,0
4662,7,2
4935,43,32
5292,43,0
5979,41,17
6798,29,18
5877,41,3
6719,33,16
6823,33,16
6982,29,32
5893,38,16
6875,33,32
6265,25,32
6842,25,32
6669,29,24
6915,29,74
5922,31,7
7283,25,32
5098,34,2
6103,31,7
5573,7,2
6774,31,80
5807,19,0
6368,23,16
6166,25,48
5114,35,0
5999,7,2
5182,37,0
5856,23,64
5990,7,2
6482,29,26
7215,29,32
6871,27,16
7552,29,16
6106,23,8
5004,7,2
4885,19,0
5875,29,7
6138,35,7
6075,29,16
6514,41,33
4989,25,32
5361,25,24
6076,29,34
7049,27,13
7014,33,24
4720,26,18
7081,41,65
7245,26,24
5052,25,0
4662,21,0
6109,31,0
6425,33,48
4833,27,0
5586,19,0
5330,23,16
6361,31,2
7343,26,24
5597,26,24
7331,35,33
7267,37,72
7480,35,33
7669,26,24
7398,39,33
5946,29,16
6996,27,16
4864,19,0
5864,29,7
6459,35,49
7663,8,54
7301,41,17
6128,23,0
5987,43,6
5067,23,32
5137,19,0
5650,25,0
6991,31,13
5889,7,2
6006,29,34
5324,21,0
4721,27,0
6044,23,32
6647,35,17
7239,25,32
6490,29,32
6318,35,7
6187,27,0
7265,25,24
5327,23,0
5727,26,18
6864,29,18
6871,29,24
7397,41,16
6509,26,26
5568,23,32
6695,23,32
6145,7,0
