14647,126,131
10751,79,56
11441,57,88
8992,99,32
14447,45,102
10325,31,96
13846,59,120
13965,7,0
12838,97,122
12828,80,120
11008,79,48
14146,58,99
12765,58,84
12182,33,96
8884,103,0
11380,81,72
9298,45,97
11914,25,96
8877,77,32
10755,67,80
14467,84,74
12153,65,98
10183,57,80
12630,25,102
14178,67,98
11208,42,104
12018,97,106
12107,81,109
11754,69,98
11896,55,98
10528,97,0
13664,69,120
10064,99,32
11294,60,98
10607,107,40
10355,98,2
10586,34,84
11366,57,88
13749,52,102
10162,27,96
12337,67,113
13074,87,97
12003,97,64
11481,97,0
14205,62,120
9407,37,88
10947,34,84
10540,27,96
10115,47,122
13024,34,96
12607,57,120
10957,25,102
8984,37,106
12606,84,98
10374,45,106
11776,60,98
13205,7,1
10600,79,0
12212,39,96
12763,78,74
12131,103,0
12182,43,84
12980,43,96
11368,69,84
8871,42,86
13441,45,54
13338,80,120
11811,25,96
10161,57,122
13598,7,0
11774,52,84
11084,47,97
10107,57,113
9318,79,0
10700,34,96
8911,79,32
10795,25,126
11633,73,80
11855,55,120
13591,43,96
9094,29,97
9196,57,81
9823,45,113
11162,107,0
12824,101,77
12896,52,126
10822,51,98
14592,41,126
12132,97,97
9300,47,106
10595,119,2
12146,83,64
11815,34,84
14382,33,126
10080,25,96
12352,87,97
11429,81,56
12260,97,80
11071,25,84
11296,87,56
10760,103,0
11517,97,74
11639,69,116
12364,44,122
12627,87,122
11507,25,126
9770,57,106
10088,57,97
10155,37,113
12896,43,96
14156,7,0
10928,85,48
12913,52,96
14313,7,0
12998,69,98
9078,37,113
9351,93,32
12243,67,106
8839,45,80
13019,41,96
9824,47,88
9117,47,81
11866,81,88
12603,33,96
10306,33,84
14644,61,120
12394,67,88
11990,25,96
12836,39,96
12165,43,84
13676,7,0
10837,69,116
13150,29,126
12375,87,113
11316,87,74
13659,43,126
13649,33,99
13172,48,116
9751,49,106
12263,58,96
10466,34,84
11036,39,84
12995,33,126
11518,27,102
11016,31,96
10041,57,122
10482,37,122
14644,7,0
13415,41,30
10819,31,84
11939,25,102
9380,47,81
8842,79,0
12729,43,84
14163,7,0
14463,41,96
13639,45,99
11828,87,88
12193,27,102
14060,71,74
10623,57,88
13595,41,96
11387,43,84
10758,33,84
13287,71,74
11916,87,97
14029,84,68
11467,59,98
13006,55,120
13545,69,98
8921,45,80
11603,81,88
10626,95,2
14396,41,99
12206,87,106
10464,83,64
13534,41,54
13690,34,126
11303,81,77
11144,34,96
12895,43,99
11579,83,64
12039,69,84
8803,57,81
11191,67,88
12874,69,98
9475,45,88
9005,29,88
12551,89,74
9664,45,97
11147,67,113
12671,97,90
13319,58,24
14479,86,120
10638,33,84
11382,115,3
9620,57,106
11123,43,96
12614,29,96
11086,57,113
10061,37,106
13547,67,68
13405,59,98
11011,83,40
11306,87,74
8806,43,81
9410,103,0
12024,25,84
12524,60,98
9565,45,80
13322,67,74
10365,97,0
12891,52,99
13246,71,74
9608,77,48
13000,27,126
11593,97,64
11006,91,40
12476,87,74
12149,25,96
13140,33,96
11535,31,96
10298,37,88
11201,97,81
12171,48,108
14331,45,96
13034,31,102
11859,34,126
10814,111,3
12134,99,48
9516,43,90
13427,7,0
13470,41,84
10668,33,102
11383,81,109
11084,93,48
12525,52,102
12683,107,0
12065,27,96
10451,34,96
13434,7,0
10794,53,98
13319,71,98
11506,43,102
13007,58,102
9333,87,0
11245,111,56
8896,47,88
9718,112,0
10505,45,97
10706,67,90
13830,7,0
9666,93,32
9091,82,0
13097,53,98
11812,25,126
11915,25,84
10912,103,0
11639,43,84
13177,69,98
11733,97,97
13592,33,84
10369,49,80
11482,99,48
11457,97,72
11731,31,126
9324,48,114
12578,45,96
12413,43,99
12743,27,126
10860,57,80
10985,33,96
11612,67,122
13328,45,30
11856,81,80
13454,7,0
13105,39,126
8831,45,81
13653,7,0
9854,37,81
9840,76,56
11331,27,99
8865,79,0
11518,55,120
11669,113,64
10515,31,99
13976,7,0
9096,41,80
11473,67,122
12950,52,96
8895,29,106
9871,85,48
11733,33,126
11969,57,98
11353,27,96
13215,69,74
11178,49,106
11577,25,84
10615,48,108
11047,97,0
13241,86,120
10661,42,104
11163,49,88
10024,41,88
11496,25,96
11615,73,88
13445,45,96
11169,81,80
11118,97,74
11122,34,99
14203,33,126
12401,58,126
10949,97,0
13483,33,84
12799,58,126
12779,29,102
12794,31,84
8986,29,113
11642,69,116
11268,25,96
9919,45,90
10327,27,102
9538,33,90
12996,41,84
10619,48,86
13917,7,0
13245,84,74
11869,34,126
11695,34,84
9482,42,80
12404,44,122
10600,67,88
9092,48,90
12114,52,84
12460,57,98
9340,42,122
10665,27,96
11641,77,48
11448,39,96
13241,7,0
12645,58,84
12236,31,126
11901,97,90
11691,97,64
9059,79,0
12462,113,64
11098,87,74
11976,107,0
10410,99,48
9230,42,122
11285,113,64
13461,29,102
13056,65,98
12253,78,74
13069,97,106
11234,33,96
13490,45,54
9050,29,81
10896,82,0
11617,43,84
9236,42,122
9256,49,90
14125,53,120
13147,117,67
9165,31,97
13279,29,96
13209,34,99
13716,33,96
14385,7,0
9388,37,106
8877,47,90
12555,55,98
12409,43,126
12148,52,96
13953,58,96
9285,29,106
11985,81,56
9175,48,90
10049,45,97
9001,42,110
12617,25,126
11790,47,122
12222,87,90
11963,69,125
10688,67,97
9034,31,90
13410,58,54
13910,69,74
13667,58,102
12592,78,98
12970,39,84
14244,84,98
13286,58,54
12397,52,96
12378,78,68
10243,67,80
13640,45,96
11838,51,98
13328,33,60
11955,87,0
10361,49,81
13455,33,96
9650,48,126
9039,37,81
13473,7,0
11371,33,126
11829,39,96
11191,25,84
13361,41,84
12600,43,102
10828,34,102
9046,87,0
11728,51,98
12253,97,81
9366,47,106
11343,89,64
12016,52,102
10540,33,96
11144,69,93
11246,25,99
11788,58,84
12202,97,72
13473,45,84
11702,31,99
9950,37,113
12921,43,99
8994,33,122
13484,58,99
9533,49,81
11101,43,99
12952,33,102
9139,48,90
11121,34,96
9844,41,88
10042,91,40
10486,87,0
12066,29,84
10680,95,56
13734,41,126
11390,123,2
12214,33,84
14144,43,126
13427,7,0
10329,79,48
12191,25,84
13225,7,0
12437,53,120
12291,43,84
11397,87,80
13515,59,98
9145,47,122
12283,52,84
11129,43,96
11144,43,84
11209,97,80
10597,79,0
14096,7,0
12175,97,74
11257,97,64
14130,29,32
14354,7,0
13217,59,74
11125,87,72
14217,58,126
8963,29,90
11046,112,0
12475,59,98
10792,25,96
13112,29,84
13538,41,60
11595,43,126
10707,57,97
8938,43,113
12935,29,126
13989,7,0
13859,41,99
14431,7,0
9329,37,90
11579,103,0
9717,43,113
12925,84,98
13371,71,68
11309,34,102
12184,69,109
13905,84,74
13114,45,126
9300,49,88
11413,27,126
12560,59,98
12028,27,96
14586,26,24
9793,49,80
9043,29,122
11494,48,108
13520,45,126
11149,67,90
13480,43,126
12030,43,96
11652,97,88
11659,43,126
13460,41,30
10288,29,122
10727,97,64
12615,81,109
9721,47,122
9216,79,0
12236,39,96
8938,42,86
11546,83,64
13186,45,96
14038,55,98
11633,25,126
10739,57,88
10829,101,56
11059,43,96
13025,39,99
12458,58,102
14004,71,98
13763,34,126
12417,29,84
11544,97,72
13551,58,96
9500,57,97
12918,101,77
13843,7,0
11465,101,56
11752,25,99
8891,79,0
13823,7,0
13618,7,0
11278,39,102
9585,57,80
11498,34,102
12685,31,84
9077,79,0
11181,31,102
11252,31,126
10565,91,40
14241,69,98
10463,27,84
9484,41,80
13043,34,84
11861,97,67
12883,55,98
11623,48,120
10046,115,0
9414,57,88
13277,60,74
10567,91,40
11161,69,125
11494,93,48
14330,58,102
8814,43,80
12710,81,116
9818,107,0
10739,89,64
12037,71,120
13346,41,96
12031,97,97
13823,55,68
11942,31,126
12223,43,96
11020,25,84
12000,107,0
11073,31,126
11668,58,84
12234,29,96
12465,27,96
9052,37,97
9449,87,0
8921,82,0
11694,43,99
9454,29,106
13699,55,74
9459,37,97
11680,34,96
11774,25,96
11216,97,80
11964,97,0
10170,49,122
10964,107,40
10745,87,56
10671,37,106
12330,105,64
9035,33,97
11274,69,100
13673,71,74
9282,43,97
12428,34,126
13229,57,120
13187,45,84
12888,78,68
13247,97,74
9046,31,113
12647,103,64
9592,43,106
10375,45,90
11015,31,96
10698,27,126
12386,27,84
11191,67,106
9525,31,106
10213,97,40
13471,69,68
9268,42,122
11188,29,84
12126,39,126
8924,85,32
13422,67,74
11716,33,96
13527,41,99
13723,59,98
12555,25,102
11928,33,96
10595,25,84
13271,86,120
11262,25,102
9577,57,81
10923,115,0
12607,81,125
9023,47,88
12716,87,106
11430,85,67
12554,87,81
11481,61,120
12610,41,84
10153,77,40
13355,45,96
12638,29,126
12390,25,96
10125,49,90
10380,89,64
13008,58,126
11413,57,122
13075,52,126
13820,7,0
10494,112,0
12607,34,126
9133,48,90
9594,57,90
11644,111,56
13372,52,96
9393,109,32
9273,92,3
9136,33,81
9611,49,88
10706,87,72
10229,49,88
12461,65,98
10574,31,96
12757,67,106
12403,31,126
12897,33,126
13528,41,96
11278,113,64
9862,37,80
13511,34,126
9118,91,0
12665,41,99
12459,33,96
12112,97,113
10761,48,86
8829,41,80
10982,43,84
11951,27,84
10911,43,96
12268,89,81
11647,33,84
12322,31,126
11247,25,96
13598,55,74
13494,59,74
13850,67,74
9845,49,113
11610,119,2
12187,42,104
11168,57,98
12532,81,84
13627,33,126
9495,37,97
12449,25,102
9764,109,32
11960,29,96
9234,77,48
9759,33,122
9668,33,97
11256,87,97
12246,53,120
10834,85,48
10072,92,3
11181,87,81
12253,27,96
9204,57,80
12469,115,0
12267,84,74
14340,7,0
11939,59,98
10235,67,81
13616,71,98
13073,33,99
14544,7,1
12660,53,98
10658,83,40
10069,45,122
12437,33,99
11145,73,88
9164,37,97
10537,31,96
11426,67,81
13921,71,120
12201,51,98
13628,52,126
11067,34,84
10962,81,93
10025,87,0
9953,33,106
11302,29,96
11444,97,67
14264,45,99
12695,33,84
14243,7,0
9157,49,80
12428,58,102
14255,52,96
8796,47,122
9212,42,122
11994,39,102
13293,45,126
10255,49,97
12010,51,98
12787,45,84
12664,67,122
11434,67,80
11096,43,96
12984,45,96
11876,25,84
12561,87,80
11064,47,122
11731,33,84
14220,7,0
11983,25,126
12179,43,96
10893,49,97
11758,57,98
11245,59,98
10765,37,113
10256,45,122
11145,97,72
14062,52,96
10035,45,106
10805,49,88
12051,58,96
13928,55,98
9549,49,90
9594,47,113
10076,93,32
9172,43,88
11644,31,84
10763,49,90
13166,65,98
12880,45,96
11629,29,96
13393,59,74
13569,7,0
9171,107,0
12752,89,90
14286,7,0
9695,49,97
12958,34,96
10294,83,64
12334,33,84
11092,81,100
11903,69,100
10781,112,0
12426,25,96
9433,82,0
13396,57,68
13892,52,60
11771,81,93
12174,25,126
9111,47,97
10150,115,0
11555,103,64
10394,115,3
9144,33,80
10587,97,40
9485,47,88
13233,7,0
13350,65,74
12971,43,126
11467,47,113
9232,79,0
10577,57,90
11091,39,99
12212,101,84
11552,31,126
12348,43,96
14066,45,54
11508,103,64
11256,34,84
13749,61,120
8981,29,97
13227,43,60
14265,45,96
9050,33,113
12624,97,67
9047,37,80
11682,44,122
10199,27,96
12993,55,98
9268,49,80
11906,33,99
12234,52,84
10483,81,77
12764,59,120
13398,67,120
10394,57,106
11774,43,126
11802,81,125
10580,25,96
14148,58,96
11931,25,99
11740,97,97
12100,71,120
10817,77,40
12666,84,74
9759,97,0
13660,41,54
14025,67,120
12901,57,120
13611,57,98
9029,45,80
12216,58,84
12271,58,99
11319,43,99
13284,58,54
12829,58,126
14208,11,0
12105,33,84
12065,29,96
13618,59,68
11103,81,72
13892,26,24
10013,43,122
11000,33,84
9580,33,88
9211,103,0
12811,87,113
13174,33,126
11282,53,98
11550,33,126
9244,37,81
11053,31,96
11697,25,84
11617,39,96
12099,52,96
9394,47,113
12784,25,126
10250,77,32
10245,25,102
10000,57,88
9311,29,122
11980,29,126
9948,103,0
12330,58,96
13622,41,54
12900,34,84
11126,87,90
12081,58,96
9438,45,90
10369,85,48
13275,52,30
13923,7,0
12065,87,122
12501,45,84
9376,29,113
13488,97,122
10877,27,126
13402,67,120
11097,25,96
13763,39,126
12780,105,64
10253,25,96
12186,58,84
11709,31,84
9388,47,80
14409,59,98
9315,29,122
13890,51,98
9202,37,122
11199,34,126
11625,87,88
10326,83,64
9900,87,0
13441,55,120
11053,29,96
11926,109,48
11000,33,102
13905,29,32
12459,29,126
11243,29,99
10148,37,122
13561,52,99
13859,60,98
12202,67,106
11745,65,98
14585,71,120
10742,69,109
9317,47,88
10872,33,96
13496,41,60
9479,37,113
13833,59,98
11265,29,96
11716,43,96
11608,81,80
12252,43,126
11544,69,109
11947,39,126
10737,47,113
11902,58,96
12623,67,122
11333,34,96
12701,87,122
13425,7,0
10374,33,122
13389,61,120
12851,33,96
14223,26,27
13150,43,126
12442,27,99
12670,59,98
13345,29,96
10849,97,40
11624,25,102
9958,57,90
9712,48,84
11311,34,99
13393,34,102
13318,45,60
13428,67,98
13366,53,120
10450,98,2
13043,59,98
14566,84,74
11855,65,98
9189,41,88
9274,43,97
11160,43,96
12419,87,122
13926,41,96
12978,58,126
13370,84,68
11625,79,0
11586,97,80
9018,37,90
12882,89,97
12753,33,99
12947,33,126
13296,45,84
10655,73,80
9788,47,113
13514,101,100
11787,67,90
12431,43,126
12230,43,126
11314,79,0
9818,49,122
10270,47,88
13625,7,0
12936,25,96
10808,85,67
11990,73,88
12770,53,98
12482,78,98
11141,27,96
13206,41,60
11576,39,102
9149,49,81
12199,33,96
12698,59,120
12417,97,106
13313,25,102
12188,44,122
13556,59,98
13675,23,16
11437,89,64
13446,59,98
11608,97,80
8852,47,90
9838,45,106
14317,7,0
10768,49,122
13034,81,125
10256,37,90
13449,43,126
12501,31,126
12302,111,56
10444,49,113
12091,67,120
12143,44,122
12351,57,98
11773,69,93
12048,34,126
11382,25,84
9371,41,88
12299,43,126
11037,43,99
12402,39,99
9686,43,113
11495,109,32
9510,98,2
13277,34,96
11076,27,126
12438,69,93
14056,45,126
10649,87,56
13688,27,40
13286,33,60
10644,81,80
11548,69,109
11001,25,126
11535,31,84
9128,43,90
10078,111,3
8879,29,88
14012,69,74
9005,47,90
9164,82,0
10712,51,98
12663,78,74
12791,34,84
9560,43,88
9134,115,0
8812,85,32
10443,76,56
9852,97,0
12793,33,99
8950,37,88
11589,31,84
11844,33,96
13441,78,68
13193,41,96
10233,79,0
13373,58,54
13501,57,98
9507,77,48
9912,47,97
9567,45,97
14111,78,68
9961,45,88
9494,29,88
10847,43,96
10728,69,84
11691,69,98
9552,48,126
10387,49,122
11665,97,0
10460,31,84
9049,47,88
9823,47,122
8906,37,90
8827,112,0
9510,85,32
11168,87,88
11688,73,88
12242,43,96
10380,97,0
11509,53,98
11041,48,92
14202,41,96
11941,67,81
14634,73,120
12907,45,84
14584,71,74
13502,60,68
9935,47,106
10885,25,96
13790,65,98
11058,53,120
12843,45,96
10026,47,113
13330,41,54
11338,112,0
13826,58,60
11939,40,92
13948,58,54
11694,81,93
9408,47,106
14033,41,60
11022,99,48
11328,25,126
11640,62,120
11801,29,126
13073,25,84
13137,87,122
11023,115,3
13604,7,0
10804,31,96
9967,49,106
12068,27,126
11846,29,84
10805,83,64
11278,57,98
11497,43,84
9662,43,97
13300,59,68
11080,81,88
14216,78,98
11140,55,120
9076,57,80
13686,69,98
12851,31,99
12468,39,96
13145,84,74
13243,7,0
11998,87,106
12992,78,98
10998,47,88
11564,67,106
9645,48,84
11807,39,99
9875,29,122
13721,45,102
10616,25,126
11800,67,88
9636,57,88
13132,51,98
11225,101,56
11311,91,40
11739,87,113
13308,7,0
11150,31,84
8919,47,88
13283,45,30
11264,43,84
13832,33,102
9588,41,80
9728,37,106
12003,115,3
11279,67,97
13584,84,98
11030,31,84
11264,31,96
12311,25,84
12866,43,84
12293,58,96
12220,43,99
13520,52,54
9923,87,0
11372,81,84
10791,77,40
11150,39,96
12544,39,126
13558,45,126
11822,33,99
11373,57,97
9965,27,84
11211,45,122
12528,57,98
9543,48,126
13341,71,120
13591,43,99
13437,61,120
12931,53,120
13246,55,98
9771,48,84
9670,48,126
9114,91,0
13176,67,122
9905,107,0
12944,87,90
11136,34,84
11182,109,48
12564,27,126
8811,57,80
13832,29,32
14348,73,120
10355,47,122
13832,29,126
11881,33,96
13022,51,98
10058,49,113
11607,29,99
13084,29,96
12465,48,108
9360,42,122
11654,115,3
11638,115,0
13485,58,96
13943,45,60
11133,69,93
12437,89,74
12732,43,96
10291,33,96
13382,7,0
14058,52,54
12496,33,96
10705,27,102
10567,81,84
13091,59,98
10417,45,88
12957,43,126
10594,95,2
9582,29,97
8912,37,81
14198,52,84
12634,60,98
10349,57,80
13755,60,68
11431,97,74
13706,45,96
11711,29,96
13440,69,68
14188,7,1
9743,109,32
11865,58,96
13246,69,74
11948,67,80
12882,43,126
9512,41,88
12778,43,126
12446,97,122
10297,73,80
12672,71,120
9349,99,32
12476,52,102
11197,33,96
13890,71,120
10680,27,84
13074,33,96
11113,39,96
11621,43,96
11672,43,99
13171,41,99
13221,29,84
11562,25,96
12879,58,96
14184,71,68
11383,103,0
12852,31,96
11907,87,80
12365,39,126
9809,49,80
14068,61,120
12838,43,84
11406,42,116
11189,73,80
10618,49,106
10749,93,48
11599,49,122
10278,37,122
12043,65,98
13475,71,98
11778,87,72
9603,37,113
9621,77,40
11766,57,113
11644,95,56
10518,27,99
11985,53,98
9912,97,0
8973,79,0
11389,39,99
12283,81,116
9587,47,97
10733,73,88
13891,80,120
12332,81,100
10763,99,48
11285,67,113
13528,45,54
8808,36,120
9158,97,0
11829,59,98
14090,58,84
11052,67,106
9076,31,88
11921,87,97
11793,89,3
9852,89,3
13384,101,93
8980,43,122
10230,85,48
12960,39,126
9062,37,88
13289,80,120
9205,97,0
13197,25,96
10542,79,0
13001,25,126
10580,81,72
13424,43,84
13107,69,98
13901,45,60
14193,45,126
9946,31,122
11404,60,98
9399,42,80
11156,27,84
9007,47,97
8872,41,88
9430,33,113
9176,57,90
14145,11,0
13341,59,68
12624,33,102
12694,71,120
13184,41,102
12615,45,96
13078,43,102
13021,45,96
11255,27,126
9786,47,122
10481,109,32
12943,78,98
13864,7,0
12279,43,96
12006,27,99
9634,49,80
11741,25,96
12099,101,77
9981,45,80
12580,58,126
12331,55,120
13576,69,98
10800,27,84
13908,41,126
9365,37,90
11227,31,96
14339,41,84
12340,107,0
8870,36,120
11654,52,84
11653,58,96
12585,59,98
12842,58,96
13584,52,96
13393,43,54
11813,61,120
9152,45,90
10349,49,106
10702,31,102
12253,25,96
10266,57,80
12188,81,109
11342,87,72
12925,25,126
13960,7,0
10720,99,32
11135,59,98
12120,43,126
12502,25,96
9808,37,122
12589,39,102
11619,53,98
13863,25,126
12839,78,68
9382,93,32
11752,39,84
14074,67,68
11648,57,98
12465,25,96
12348,52,96
9370,42,122
12842,51,98
12238,43,84
10713,97,67
9028,77,0
13160,61,120
11182,93,48
10932,34,96
9548,29,113
9403,37,122
11829,52,99
10539,107,0
13109,43,102
12045,43,84
12347,33,102
11475,82,0
9512,47,113
12847,52,126
12175,61,120
12735,107,40
13131,25,96
11357,48,86
10333,87,56
11901,101,56
12122,62,120
11432,29,84
13290,58,96
11664,107,40
10280,115,0
10003,25,84
13180,25,126
12836,52,84
12707,97,88
12241,58,99
9951,49,90
11334,39,84
13366,87,106
13665,41,96
11435,81,56
11637,113,64
9092,33,122
14147,26,24
12175,29,84
12464,33,126
12074,53,120
10465,25,96
13123,101,116
13226,7,0
11214,39,84
11482,43,96
13386,52,84
13842,7,1
13822,45,102
12732,51,98
10900,25,84
12436,69,98
13436,45,24
8933,33,88
13394,52,54
12119,97,113
12443,25,99
10877,27,96
9973,45,81
13582,45,84
10641,34,99
11503,95,56
12395,97,106
11409,48,92
13970,7,0
9021,45,81
10814,82,0
12230,119,2
13207,53,98
11203,95,56
13614,7,0
11562,43,99
8859,31,122
12371,55,98
10336,79,56
12366,45,96
12030,58,102
12602,101,56
11205,31,99
9834,47,80
9216,37,113
9452,29,90
12262,33,84
9853,77,48
9628,103,0
11824,81,100
11877,43,126
12124,79,56
9801,49,81
11680,34,126
14249,7,0
11958,103,64
8800,93,32
11392,31,102
12643,33,126
13952,62,120
11901,81,100
13067,69,98
11544,81,72
12402,29,96
9416,85,32
14179,67,74
10440,103,0
13371,52,54
13048,39,96
13501,33,126
10131,45,113
12311,62,120
9623,43,106
12068,31,102
8955,31,106
14574,78,74
9883,25,84
12746,43,84
13699,45,126
13140,34,102
14134,84,98
9337,79,0
11310,113,64
13405,31,126
12219,33,96
13898,71,68
10746,87,0
10747,67,81
9083,89,3
11786,31,96
9596,99,32
10337,79,0
12092,87,113
13780,7,0
10502,25,96
12002,97,90
9714,57,113
8924,41,80
9375,31,122
10808,85,67
12651,29,96
11829,67,88
10563,47,80
11929,34,96
11923,29,96
11627,87,56
11994,59,120
14136,69,68
9856,37,106
9399,49,106
10369,79,0
10386,37,97
12075,60,98
14530,29,32
10167,49,88
12939,39,126
11208,85,48
11389,87,81
14038,58,126
13820,86,120
12066,58,84
11786,87,90
9719,79,0
11525,119,2
13783,58,60
12490,41,84
11378,34,126
13016,34,96
11317,113,64
13427,58,84
11056,25,96
12042,81,88
9956,79,48
13269,43,60
11889,27,126
9724,57,97
12247,33,96
13164,65,98
12280,87,106
14120,52,126
13687,7,1
12300,29,96
11288,43,102
13347,69,74
12334,107,0
13053,78,98
11951,31,102
13318,58,84
9200,43,80
9590,79,32
13592,57,120
11943,97,88
11843,58,99
13886,78,74
11851,52,96
9122,37,106
12821,61,120
12568,69,100
13188,7,0
10406,103,0
10886,103,64
13651,67,98
9610,37,88
11892,34,96
12424,39,96
10712,49,113
9275,47,90
11012,73,88
9703,95,2
11726,29,84
9628,99,32
12820,58,99
9192,43,81
10430,43,122
10812,92,3
10852,57,81
14114,71,98
13256,7,0
12603,69,125
12816,97,122
11791,87,90
10790,45,106
11901,29,99
12202,81,93
9926,69,84
13684,25,126
13413,71,120
13358,41,102
13620,52,96
13353,45,99
13092,79,0
11866,39,96
14289,71,98
11753,43,96
13529,33,126
12418,57,98
9518,45,90
12115,83,64
12338,52,99
13775,43,102
12820,33,96
12347,39,84
12081,25,99
13348,7,0
13729,41,126
11366,42,116
9975,57,113
14323,52,96
13104,25,126
12411,43,96
10916,39,84
12772,45,96
10107,83,40
11357,95,2
9296,79,0
10795,97,40
11509,81,80
11666,29,96
9790,85,32
13056,41,96
11172,53,98
14346,7,0
9226,45,80
11713,87,97
12814,59,98
9068,57,81
13230,41,96
12821,84,68
10619,57,88
11985,67,122
13223,41,126
12576,33,102
12348,69,98
12289,52,99
11756,25,84
11437,25,99
9946,82,0
9374,33,122
11208,97,81
10791,81,56
13322,33,126
10835,87,80
12381,45,84
11522,103,64
11632,33,96
11964,97,40
13278,29,99
9422,42,80
13655,69,98
13723,41,102
13451,33,54
12269,117,67
9234,45,90
11900,51,98
13863,29,48
11046,43,84
9966,57,80
9997,49,88
11225,112,0
10443,25,99
13802,41,84
12296,67,113
9405,47,97
14502,7,0
13081,101,84
11262,25,84
11831,27,84
8862,42,86
13545,78,98
10315,69,93
12367,25,99
11691,113,64
12585,51,98
11859,43,102
10366,82,0
11610,97,90
13584,39,126
12448,33,96
12699,101,100
14563,7,0
13147,89,97
12205,59,120
9493,49,113
9919,47,122
12190,89,74
13942,34,126
13179,27,126
11804,25,126
11370,34,96
11969,69,125
14226,29,35
9400,109,32
13568,41,24
13530,60,74
12630,58,96
12701,43,96
13585,71,98
13035,84,98
12562,71,120
11039,49,122
12263,89,74
12566,52,126
11644,87,106
10340,31,84
11583,87,90
11985,33,84
12091,51,98
9782,47,90
11888,67,97
11244,57,90
12987,87,88
9818,79,48
8948,49,88
10567,107,0
13659,7,0
10940,57,80
12456,81,77
11649,39,126
14399,71,98
11838,43,126
11519,43,84
8885,47,80
11801,69,98
10454,45,122
12842,97,0
10955,47,90
14042,41,102
11393,87,0
13320,52,30
9557,45,81
11042,27,102
11828,39,126
9291,48,114
10623,33,96
12213,85,67
12178,25,96
9285,97,0
9500,47,106
12852,41,102
13398,43,96
13326,7,1
9039,76,56
14299,52,126
10268,25,84
11424,51,98
13210,58,30
12631,45,96
10218,93,48
10067,85,67
11455,103,0
14509,67,98
10481,33,99
13969,59,74
13012,101,84
14214,58,96
9522,49,88
11645,97,88
13224,89,3
9218,57,88
13791,61,120
12687,41,96
13935,67,98
11353,73,80
10887,91,40
10166,79,32
11285,97,40
10725,83,40
12238,48,114
13005,84,98
13220,71,120
13387,71,74
14271,7,0
12382,33,84
11995,25,126
12516,51,98
9370,57,90
11658,113,64
11888,52,96
9961,29,113
11592,27,126
10862,43,84
11378,43,96
8796,29,122
10709,73,80
11248,107,0
11973,69,98
10394,57,88
10813,33,99
12571,65,98
11799,81,84
12388,25,84
12696,84,74
13084,39,96
10577,27,96
14413,41,126
12300,87,113
12616,103,64
13366,7,0
11613,79,48
11540,103,64
13917,48,116
11463,87,81
11393,67,80
10042,43,122
12752,53,120
10151,45,122
12701,52,96
13596,67,74
11816,27,96
11534,51,98
12358,67,90
10343,27,84
12239,39,84
11767,33,84
12559,33,126
10503,33,96
12268,25,84
12206,81,116
12852,67,113
12389,33,99
10157,97,0
12420,105,64
11917,67,97
8877,47,81
12822,41,84
8913,45,81
11899,87,81
11341,43,96
13775,71,74
11770,53,120
13054,117,67
13402,41,126
13680,65,98
9069,48,90
14075,41,60
12093,33,102
9058,29,80
11224,43,102
13392,7,3
13211,34,96
12009,89,3
14189,26,24
11552,29,84
13016,33,84
11794,29,102
9694,47,106
12879,33,96
13659,43,96
10715,25,84
13450,51,74
10047,33,113
11014,79,0
12964,25,84
11639,52,96
11287,57,88
13584,23,8
13207,51,98
11459,25,96
12763,34,96
13102,78,98
10396,57,80
9695,83,40
11276,27,84
9339,33,106
11411,39,96
12981,41,96
11580,111,56
10432,83,64
14046,7,0
13694,7,0
13969,60,98
8846,43,106
9861,82,0
13139,39,126
13078,52,102
10117,25,96
11272,49,113
12907,33,84
9840,97,0
12657,31,96
10770,25,99
10638,123,2
12980,33,102
14272,41,126
12411,33,96
8892,29,106
10827,93,48
11398,48,92
14513,40,122
11507,43,84
12341,89,81
13378,60,74
13048,43,126
9692,48,126
13272,57,74
9218,45,81
12997,41,99
12380,33,126
8987,29,113
12402,39,99
13316,69,74
12083,25,96
13804,84,74
8852,91,0
14279,7,0
12924,59,98
13269,7,0
11293,81,84
13017,89,90
12095,53,98
8915,42,86
12326,69,98
12475,41,96
10994,31,99
9266,43,122
11189,87,80
12668,25,126
13078,53,120
12266,27,84
10434,57,122
11758,67,90
11709,44,122
12389,67,120
10291,47,113
8952,79,0
10680,87,74
13454,7,0
12083,57,122
11433,25,102
12807,41,96
14372,45,126
12496,84,98
11097,51,98
12791,84,68
13726,71,98
9195,43,88
13987,78,74
13496,67,74
11610,111,3
10058,25,99
13329,29,126
10382,67,80
13934,52,60
10048,79,56
12056,43,126
11764,31,99
13997,69,120
13946,7,0
13116,41,84
12618,33,84
14230,41,84
10304,87,0
12348,39,84
10377,112,0
9765,77,40
14098,45,84
9593,49,88
10081,49,97
11881,43,102
11167,81,80
10488,57,113
13028,101,109
11068,29,84
11851,33,84
13026,52,126
11763,31,126
10630,25,102
11484,83,64
12511,97,113
13152,34,84
8813,79,0
12360,52,96
12163,52,84
11305,25,96
8856,29,122
11603,97,90
13008,45,102
10918,103,64
11390,27,96
13378,58,126
8835,29,90
14619,7,0
13812,7,0
9984,79,56
9532,87,0
10855,27,99
12501,87,72
13201,59,98
11335,87,56
12569,101,93
12387,52,126
9568,37,90
8978,47,90
13693,41,84
10731,69,84
13555,73,120
10085,27,84
11716,89,64
14194,59,68
12488,67,97
10010,43,106
13451,65,74
11578,97,81
10013,57,106
13506,52,84
11965,33,96
9540,49,80
13097,51,98
10838,83,64
13761,67,98
12957,34,99
12738,33,84
13461,87,113
10748,67,88
12895,84,98
11823,31,96
9705,29,122
10829,25,96
13344,7,0
11360,42,116
9512,37,106
10992,57,106
12435,43,96
11239,103,64
11372,43,96
12153,78,74
11252,111,56
11443,53,120
12096,58,84
10826,57,88
12768,29,126
13421,45,96
13443,53,120
13854,7,0
9711,79,56
12801,97,97
11820,81,72
11430,29,102
13356,55,98
10185,103,0
8816,47,113
14299,59,98
12461,39,96
12310,25,126
10767,49,80
11574,31,96
10268,77,48
12009,33,102
9402,49,97
13209,71,98
12596,84,74
12855,69,109
10904,53,98
12617,111,3
12262,81,88
13607,60,98
11703,31,96
12842,86,120
12405,39,96
11749,43,102
12501,27,96
14002,7,0
12600,29,102
12646,45,84
12556,45,99
11893,42,104
10856,48,108
8955,33,106
13388,7,0
9741,45,113
12714,78,74
13650,33,96
8985,42,110
13717,60,98
11514,59,120
11731,43,96
11175,33,99
14445,7,0
13482,52,54
12566,84,74
12909,109,48
10835,33,96
11464,87,0
9541,37,122
12918,31,96
12461,119,2
12406,51,98
13273,97,72
12439,97,122
11577,59,98
9608,79,32
11246,107,0
13981,58,84
13777,7,0
12458,69,98
11864,69,98
10177,112,0
11134,25,96
9619,31,113
12850,39,84
12537,29,84
11417,29,96
9306,57,97
11638,48,120
11600,97,81
9867,29,106
12345,43,99
10468,45,113
8935,49,81
9932,37,122
12716,52,84
12695,51,98
11125,97,74
11953,25,96
13055,65,98
9950,27,96
11990,103,64
8943,49,80
12057,34,102
12665,55,98
9380,45,97
11632,39,84
10887,89,64
13291,7,0
9564,45,88
12216,69,98
9768,93,32
9109,48,90
11694,43,96
12279,69,116
10827,87,81
12319,71,120
9050,49,97
13780,51,98
12816,33,96
13350,33,126
9252,37,80
12743,45,102
11768,31,96
12300,58,96
13536,7,0
12120,87,0
10237,81,56
14273,57,120
12088,29,102
11039,33,126
11046,99,48
13216,78,74
14070,59,74
9125,47,80
11949,42,110
10033,83,40
11333,87,72
12625,113,81
9698,37,97
12586,33,84
10643,47,106
13449,52,126
8910,42,86
13815,7,0
13961,26,24
10884,45,113
12984,69,98
13318,67,98
13584,31,126
13490,7,0
10595,82,0
10629,115,0
13428,52,24
8889,33,90
12326,69,98
11471,87,80
13628,43,126
10101,43,113
9588,48,126
10383,81,56
10175,57,81
12083,69,98
14093,41,126
11360,97,64
12555,43,102
10426,33,84
11205,95,56
13316,78,74
13800,48,122
10235,92,3
11965,60,98
12264,87,88
8874,37,113
11161,109,48
11605,81,88
12766,45,84
11385,67,81
13738,7,0
13256,33,102
12261,55,98
11504,43,96
11433,101,56
11970,33,96
12472,43,96
11721,81,77
11361,97,67
13555,41,126
12807,67,120
14371,7,0
10939,31,84
11658,67,113
12962,43,96
13551,51,74
11053,79,48
10445,69,100
9151,47,97
11870,34,99
12490,97,113
12044,97,88
12436,79,0
12167,84,74
11272,103,64
11152,97,72
12489,25,126
9933,45,113
12242,57,120
9823,37,113
11752,87,74
14280,67,74
10228,47,90
10663,34,96
14326,78,98
12311,52,96
12227,39,84
12160,33,99
12870,62,120
9196,45,88
9522,48,126
13214,67,68
13937,7,0
9987,49,88
9826,47,81
13276,45,60
13252,52,60
12407,43,102
10558,67,90
10815,57,122
10618,47,122
10388,25,84
11063,57,80
11105,81,72
11663,48,120
11859,57,98
11351,77,40
9868,25,96
12592,29,99
10197,47,106
11120,33,84
10923,79,0
13213,39,102
10374,67,81
12118,25,102
13613,7,0
10641,107,0
10901,39,96
13630,60,74
11362,33,102
13149,45,102
10140,27,99
9731,45,106
10328,27,96
9441,47,90
8919,37,80
14207,45,84
13164,97,113
13230,7,0
11075,25,99
10914,27,96
13661,41,54
13557,58,126
11218,33,126
11006,107,40
12489,25,126
9278,45,88
10555,47,81
11478,81,116
9365,37,88
10795,45,122
10844,107,0
11092,37,122
11516,83,64
10926,43,84
9362,97,0
11571,103,0
14351,69,98
12724,41,96
11912,33,126
12754,33,96
12392,84,68
10544,89,3
12614,78,74
13575,65,68
11833,87,88
10614,107,40
11879,107,0
11886,60,98
11667,57,106
12630,27,102
11584,43,96
8850,42,86
13949,67,74
12575,33,96
11181,34,96
12165,29,126
14070,45,96
14349,7,0
11207,51,98
12962,45,99
13655,78,98
9151,43,90
14148,29,32
13675,51,68
14327,7,0
12344,29,126
11199,39,96
10475,97,0
11180,25,126
14011,29,126
13379,45,126
11940,40,92
