15119,132,132
14696,113,122
13928,123,2
14059,7,0
12498,97,128
11123,47,128
13638,89,128
12692,81,131
13319,103,0
13246,107,0
9898,47,128
13990,113,97
13734,69,93
10342,45,128
11270,45,128
14455,12,8
13862,97,97
14817,7,0
12125,87,128
12761,87,128
11092,127,0
13457,123,2
10853,49,128
13922,12,10
14062,52,96
14206,89,81
13154,113,97
14189,119,2
13596,117,67
13812,89,128
14348,73,120
14648,107,0
13402,67,120
14100,129,64
10563,37,128
13333,129,64
11151,37,128
13701,127,0
9103,29,128
14724,101,93
9285,37,128
9627,37,128
12028,69,131
14946,113,113
12783,87,128
14376,7,0
10493,57,128
14044,101,100
14654,69,125
13912,97,67
11555,67,128
14781,113,128
14509,119,2
14520,7,0
14458,12,8
9819,33,128
13837,123,2
14327,101,109
13550,97,128
13536,113,113
12478,87,128
13336,69,131
14074,123,2
13509,101,131
14736,89,97
14574,7,0
11494,57,128
12401,82,0
10960,127,0
14455,7,0
13370,123,2
11292,45,128
14614,119,2
10361,57,128
14997,113,90
14724,69,131
14236,97,113
14230,101,77
13258,119,2
14632,7,0
10677,47,128
13329,89,106
12152,57,128
14520,113,74
9373,29,128
12738,97,0
10212,45,128
12682,67,128
12793,127,0
14505,103,0
11012,127,0
14666,129,64
11532,127,0
14758,113,128
10447,49,128
10234,45,128
12872,127,0
9459,33,128
13179,89,113
10399,127,0
10232,37,128
14986,119,2
12319,95,2
11223,69,131
10896,57,128
12897,97,128
15115,7,0
13704,127,0
9436,33,128
12687,89,3
14453,12,8
14548,111,3
13088,123,2
12702,127,0
15118,89,113
9362,97,0
14381,105,64
9983,47,128
14802,7,0
13145,123,2
10512,43,128
13924,107,0
10573,127,0
14831,101,131
13831,81,131
12876,97,128
9802,47,128
11853,47,128
13863,69,100
13763,81,125
14310,101,125
14666,115,3
14475,107,0
13096,81,131
13503,89,122
10433,33,128
9489,37,128
11173,37,128
12704,67,128
10256,49,128
10094,43,128
11098,49,128
11517,97,74
11246,69,131
12038,127,0
13770,97,88
13208,111,3
9780,47,128
14484,117,67
10836,67,97
11391,127,0
13542,129,64
14141,97,106
14156,7,0
13588,89,128
10358,37,128
12497,98,2
9993,127,0
10005,47,128
9956,29,128
13620,7,0
9940,127,0
13777,113,97
13565,89,128
13197,87,128
13125,87,0
14645,97,128
10638,123,2
14467,113,97
12934,98,2
11390,123,2
10005,31,128
14849,11,0
15021,89,106
13218,111,3
12848,98,2
14311,101,131
13461,113,81
12541,111,3
13414,98,2
10874,57,128
12092,127,0
12171,127,0
13366,87,106
13349,98,2
14012,89,128
13386,127,0
15058,7,0
13647,113,90
13334,127,0
13573,97,128
12919,97,128
11120,49,128
14129,89,74
14053,7,0
14621,11,0
12505,97,128
12066,67,128
14292,7,0
13219,87,128
10774,127,0
12025,69,131
14679,11,0
14255,52,96
10541,37,128
13442,113,106
9457,31,128
14055,115,3
12723,67,128
13855,107,0
10106,43,128
14159,113,113
10174,47,128
9904,49,128
9921,47,128
13426,89,113
12044,67,128
13401,107,0
11887,81,131
9397,29,128
14382,101,131
11630,127,0
14598,113,81
13967,127,0
13934,103,0
14370,81,100
13854,81,131
10152,45,128
12147,87,128
10854,45,128
14115,127,0
9080,33,128
9882,49,128
10347,29,128
15027,7,0
15086,81,125
12634,92,3
9174,33,128
10641,107,0
14041,7,0
13732,7,0
14241,81,93
14175,12,10
14568,113,128
10128,43,128
9871,47,128
12134,127,0
12030,127,0
12592,81,131
13716,95,2
15013,7,0
12314,127,0
14622,97,128
13862,113,122
9205,47,128
14450,12,10
13785,87,122
15090,111,3
9992,37,128
14448,12,10
9467,37,128
9263,37,128
10130,45,128
14820,113,106
13747,89,122
13619,7,0
9327,43,128
14997,45,126
10100,57,128
10830,49,128
13356,92,3
13914,101,93
13044,89,97
9605,37,128
14449,12,8
14654,103,0
10520,45,128
14456,12,8
9435,31,128
9349,43,128
13445,81,116
10122,57,128
12414,97,0
11800,67,88
13908,89,122
13787,7,0
9125,29,128
13661,89,128
14422,101,116
10437,47,128
14746,69,131
10876,45,128
12777,127,0
12708,87,128
10072,43,128
13925,101,116
14483,127,0
14665,81,109
14932,7,0
12914,89,90
10515,57,128
11739,87,113
11145,47,128
12050,69,131
14337,113,90
13576,89,122
14350,89,3
10209,37,128
10542,45,128
11671,67,128
13871,113,74
14628,7,0
11680,49,128
10027,31,128
10196,47,128
9934,29,128
13261,67,128
13396,119,2
14216,78,98
13945,113,128
14177,12,10
10369,29,128
12693,129,64
12669,81,131
14334,101,131
13387,113,64
11533,67,128
13094,111,3
14483,113,122
13488,85,67
14762,81,116
9770,127,0
11472,57,128
13800,127,0
10014,37,128
9375,29,128
14746,101,125
14338,69,116
9787,29,128
13772,81,77
14560,97,122
10415,47,128
13535,95,2
14277,113,106
14808,101,131
10065,127,0
14747,123,2
9849,47,128
10234,49,128
13238,67,128
14492,12,10
14173,12,10
11658,49,128
12933,81,93
13797,7,0
15116,115,3
14686,7,0
14245,101,125
11070,127,0
13870,87,128
12665,69,131
9765,29,128
14519,11,0
9841,33,128
11876,47,128
12908,89,3
12686,87,128
13388,111,3
14179,12,10
14313,7,1
14372,113,113
10469,49,128
13896,119,2
13922,113,128
14857,7,1
12543,127,0
13170,113,74
14545,113,128
12175,57,128
12270,127,0
14606,89,90
12660,127,0
12898,97,128
11693,67,128
12527,97,128
13860,113,90
13332,97,80
15085,127,0
10319,45,128
12048,69,131
13617,7,0
12786,87,0
14064,113,106
12688,69,131
12500,87,128
13248,113,81
13621,127,0
14352,11,0
13532,101,131
10336,37,128
13827,101,109
9890,37,128
10699,47,128
10490,43,128
10455,33,128
14035,89,128
13119,81,131
11385,67,81
13847,81,84
10383,57,128
14086,7,0
13069,97,106
12855,69,109
14180,12,10
9152,33,128
13197,115,3
13359,69,131
14854,101,100
14308,101,84
14236,69,109
11864,81,131
14669,95,2
9868,37,128
12745,67,128
14405,101,131
12615,81,131
13835,89,128
13847,87,128
13922,12,10
11685,123,2
14015,113,81
12520,97,128
13434,115,3
12615,95,2
9227,47,128
13460,115,3
9396,29,128
