15120,130,132
13024,34,96
11719,115,0
11248,107,0
10705,27,102
12147,87,128
9365,37,90
14853,26,24
12501,45,84
12997,41,99
11144,43,84
11180,25,126
9890,37,128
12459,33,96
9165,31,97
9252,37,80
12083,25,96
11828,39,126
11608,97,80
12606,84,98
10481,109,32
11658,67,113
12571,65,98
11695,34,84
12502,25,96
12213,85,67
11457,97,72
12603,69,125
11037,43,99
14205,62,120
11145,97,72
11331,27,99
9174,33,128
10444,49,113
10855,27,99
11680,34,126
10475,97,0
9394,47,113
11874,79,0
9244,37,81
10026,47,113
11519,43,84
10790,45,106
11774,25,96
13107,69,98
9705,29,122
13820,86,120
12280,87,106
13686,69,98
13488,97,122
9628,103,0
10618,49,106
12801,97,97
14244,84,98
13965,7,0
9256,49,90
13008,58,126
12367,25,99
11264,43,84
9852,89,3
13935,67,98
10725,83,40
10580,81,72
12212,39,96
10671,37,106
11752,39,84
9380,45,97
12617,25,126
12607,81,125
11182,109,48
12167,84,74
12616,103,64
12389,67,120
11494,48,108
12627,87,122
9376,29,113
13684,25,126
13007,58,102
12184,69,109
10288,29,122
12252,43,126
9096,41,80
12148,52,96
12253,78,74
10443,25,99
14029,84,68
12882,89,97
12562,71,120
10623,57,88
10394,115,3
12490,97,113
13147,117,67
10829,101,56
11976,107,0
10677,47,128
11197,33,96
12378,78,68
9565,45,80
14033,41,60
9402,49,97
11473,67,122
11754,69,98
12943,78,98
9422,42,80
9588,48,126
12950,52,96
10130,45,128
14941,67,68
11600,97,81
13551,58,96
9216,79,0
9374,33,122
9172,43,88
11552,29,84
11001,25,126
10595,82,0
11990,25,96
12624,33,102
11576,39,102
9594,57,90
11716,33,96
13628,43,126
12348,52,96
14255,52,96
11175,33,99
14220,111,3
14716,67,74
14198,41,54
10763,49,90
13613,7,0
11311,91,40
13017,89,90
13048,39,96
11053,79,48
10998,47,88
12577,105,64
13584,84,98
13152,34,84
12544,39,126
13446,59,98
11262,25,84
12003,97,64
10860,57,80
9205,97,0
10450,98,2
11209,97,80
12253,25,96
13942,34,126
14130,29,32
9956,29,128
13105,39,126
9435,31,128
10542,45,128
9205,47,128
11951,27,84
13056,41,96
12958,34,96
10747,67,81
13926,41,96
13353,45,99
15062,7,1
12592,81,131
12924,107,0
11504,43,96
11498,34,102
11691,97,64
14193,45,126
11199,34,126
11023,115,3
10618,47,122
14189,26,24
12643,33,126
11969,57,98
13687,7,1
12239,39,84
14194,59,68
11578,97,81
10161,57,122
10415,47,128
12143,44,122
11564,67,106
13048,43,126
13026,52,126
13341,71,120
12206,81,116
12065,27,96
13075,52,126
12065,29,96
13445,45,96
12688,69,131
9712,48,84
10700,34,96
11767,33,84
11688,73,88
10748,67,88
13097,51,98
11404,60,98
11141,27,96
12263,58,96
12268,89,81
10228,47,90
13921,71,120
9333,87,0
11644,111,56
12016,52,102
11691,113,64
11525,119,2
11285,113,64
12603,33,96
13322,33,126
11288,43,102
11947,39,126
10140,27,99
9686,43,113
10469,49,128
10078,111,3
11861,97,67
11663,48,120
9759,33,122
10064,99,32
10337,79,0
11540,103,64
13230,41,96
13545,69,98
13126,33,126
14479,86,120
11314,79,0
11766,57,113
14584,71,74
12995,33,126
10253,25,96
14348,73,120
11389,87,81
12488,67,97
12763,78,74
9645,48,84
13356,55,98
12334,33,84
13640,45,96
10830,49,128
10916,39,84
11612,67,122
13616,71,98
11006,107,40
14773,7,1
9587,47,97
12919,97,128
12511,97,113
12807,41,96
12066,29,84
11357,48,86
12707,97,88
11985,53,98
12182,33,96
14326,78,98
10760,103,0
12532,81,84
9327,43,128
10862,43,84
10829,25,96
13898,71,68
10835,87,80
11145,73,88
13273,97,72
11255,27,126
12175,29,84
11607,29,99
9605,37,128
11633,73,80
9234,45,90
10834,85,48
12124,79,56
12925,84,98
12223,43,96
10046,115,0
13706,45,96
11844,33,96
14677,78,74
14098,45,84
10539,107,0
12791,34,84
11659,43,126
14463,41,96
11632,33,96
9375,31,122
12044,67,128
11317,113,64
11433,25,102
13821,73,120
14644,7,0
12390,25,96
12663,78,74
13532,101,131
13025,39,99
11649,39,126
10196,47,128
13245,84,74
9987,49,88
13296,45,84
11672,43,99
10336,79,56
12566,52,126
11985,33,84
13611,57,98
11287,57,88
10814,111,3
14220,7,0
13761,67,98
14619,7,0
13461,29,102
11800,67,88
9230,42,122
9349,43,128
10885,25,96
10795,25,126
11694,81,93
11311,34,99
9516,43,90
14214,58,96
12701,87,122
12468,39,96
10482,37,122
9946,82,0
14795,84,98
14906,78,98
13313,101,93
12592,29,99
11041,48,92
11943,97,88
14042,41,102
12405,39,96
12896,43,96
12462,113,64
11721,81,77
13223,41,126
13378,58,126
12464,33,126
10623,33,96
12754,33,96
10117,25,96
14280,67,74
11902,58,96
10563,47,80
10106,43,128
14012,69,74
10366,82,0
12847,52,126
11296,87,56
10212,45,128
10595,119,2
9306,57,97
13197,25,96
14409,59,98
9983,47,128
11149,67,90
14056,45,126
11900,51,98
12006,27,99
12247,33,96
11244,57,90
12099,52,96
9452,29,90
13622,41,54
9861,82,0
10027,31,128
13034,31,102
9076,57,80
10629,115,0
12100,71,120
11046,112,0
11390,123,2
9552,48,126
14074,67,68
13859,41,99
13123,101,116
9619,31,113
12081,25,99
13791,61,120
12068,31,102
11790,47,122
12931,53,120
13164,65,98
14447,45,102
13329,29,126
10170,49,122
11507,43,84
12476,87,74
9317,47,88
13111,115,3
10319,45,128
13830,7,0
12993,55,98
13485,58,96
12187,42,104
14184,71,68
10294,83,64
10486,87,0
10765,37,113
12437,33,99
11302,29,96
11877,43,126
13325,97,81
12901,57,120
12496,84,98
11316,87,74
12283,52,84
13557,58,126
10827,87,81
13021,45,96
9557,45,81
13901,45,60
11862,103,0
10209,37,128
11603,81,88
9268,49,80
12437,89,74
13172,48,116
9164,37,97
13022,51,98
9592,43,106
13035,84,98
12489,25,126
11046,99,48
13905,29,32
14907,7,0
9862,37,80
12779,29,102
12205,59,120
13804,84,74
13592,57,120
10369,79,0
12002,97,90
10024,41,88
12870,62,120
14299,52,126
12723,67,128
12752,53,120
12461,65,98
11958,103,64
11444,97,67
11990,73,88
11617,39,96
11518,55,120
11475,111,3
13806,33,126
12220,43,99
10800,27,84
11216,97,80
10245,25,102
10886,103,64
10218,93,48
9852,97,0
12501,31,126
12068,27,126
13180,25,126
11039,49,122
13256,33,102
13981,58,84
10912,103,0
12279,43,96
11804,25,126
10813,33,99
10520,45,128
13783,58,60
15030,7,1
9296,79,0
13001,25,126
11822,33,99
11467,59,98
12326,69,98
14279,7,0
9590,79,32
13802,41,84
11341,43,96
12392,84,68
12263,89,74
11579,103,0
14144,43,126
14566,84,74
10150,115,0
13176,67,122
14198,52,84
11478,81,116
12918,31,96
11508,103,64
13067,69,98
11815,34,84
12039,69,84
13997,69,120
12347,39,84
13558,45,126
9770,57,106
12048,34,126
9380,47,81
14046,7,0
13316,78,74
13832,29,32
10326,83,64
13509,101,131
10663,34,96
13084,29,96
11411,39,96
12419,87,122
11433,101,56
10465,25,96
11270,45,128
10369,85,48
14134,84,98
11098,87,74
11030,31,84
9992,37,128
12666,84,74
11086,57,113
11181,31,102
12784,25,126
13372,52,96
12348,39,84
12230,119,2
13850,67,74
14288,67,98
11278,57,98
12768,29,126
11279,67,97
12202,97,72
11092,37,122
9582,29,97
13591,43,99
12115,83,64
12337,67,113
10291,33,96
11964,97,0
11105,81,72
12489,25,126
11994,39,102
11869,34,126
14502,7,0
11555,103,64
11983,25,126
11955,97,0
10101,43,113
10804,31,96
10042,43,122
11378,43,96
10229,49,88
14782,7,0
11208,42,104
10939,31,84
12364,44,122
9948,103,0
13207,51,98
12352,87,97
14331,45,96
13959,71,74
12743,45,102
11120,33,84
11866,39,96
9786,47,122
12418,57,98
12091,51,98
12066,58,84
10854,45,128
11633,25,126
10565,91,40
11022,99,48
14801,78,68
12134,99,48
10432,83,64
12279,69,116
14090,58,84
11624,25,102
13886,78,74
9518,45,90
10849,97,40
12311,62,120
11752,25,99
9145,47,122
11507,25,126
11619,53,98
9300,47,106
11292,45,128
11063,57,80
11831,27,84
14178,67,98
9405,47,97
12842,51,98
12695,33,84
12978,58,126
12852,31,96
11896,55,98
13246,55,98
11953,25,96
13618,7,0
14351,69,98
14958,7,0
9588,41,80
10713,97,67
11787,67,90
13651,67,98
9650,48,126
10490,43,128
12448,33,96
10151,45,122
9577,57,81
10994,31,99
11768,31,96
9441,47,90
14075,41,60
13073,25,84
11434,67,80
11121,34,96
12524,81,125
12006,55,98
12347,33,102
11647,33,84
11481,61,120
9362,97,0
12791,84,68
12630,58,96
10847,43,96
9111,47,97
9951,49,90
11252,31,126
15002,7,0
11644,87,106
13043,59,98
11245,59,98
10540,33,96
11181,34,96
13201,59,98
12614,107,0
14148,58,96
11182,93,48
10417,45,88
13661,41,54
12667,89,90
12083,57,122
11786,87,90
11610,111,3
12394,67,88
12028,27,96
12042,81,88
14808,52,126
11047,97,0
10365,97,0
10638,123,2
13738,7,0
13545,78,98
13355,45,96
9627,37,128
12420,105,64
10563,37,128
11653,58,96
13550,97,128
10243,67,80
10982,43,84
13976,7,0
9818,79,48
9282,43,97
12520,97,128
14272,41,126
11303,81,77
11160,43,96
10270,47,88
10000,57,88
9122,37,106
10896,82,0
11617,43,84
12056,43,126
12003,115,3
13358,41,102
12388,25,84
11246,69,131
11811,25,96
9482,42,80
9436,33,128
11413,57,122
11091,39,99
9489,37,128
10728,69,84
14509,67,98
12918,101,77
14818,45,126
13561,52,99
12615,81,131
10733,73,88
12283,81,116
10094,43,128
12883,55,98
13628,52,126
12505,97,128
9849,47,128
14340,7,0
13676,7,0
9868,37,128
10887,89,64
9923,87,0
13832,29,126
10926,43,84
12682,67,128
12729,43,84
11711,29,96
9510,85,32
13520,45,126
13483,33,84
12555,55,98
9433,82,0
14230,41,84
12556,45,99
13785,87,122
14156,7,0
10665,27,96
13398,67,120
11129,43,96
10481,33,99
11167,81,80
11333,87,72
10297,73,80
13216,78,74
11642,69,116
13112,29,84
12828,80,120
11191,67,106
15032,29,35
11963,69,125
13556,59,98
14226,29,35
13667,58,102
13555,41,126
12793,33,99
12716,52,84
12933,81,93
13894,101,109
12551,89,74
13278,29,99
10808,85,67
9393,109,32
13501,57,98
12852,67,113
11156,27,84
12829,58,126
13097,53,98
11824,81,100
9743,109,32
10383,81,56
12718,33,126
9919,47,122
14323,52,96
12219,33,96
10213,97,40
11599,49,122
14323,43,126
13989,7,0
12344,29,126
11709,44,122
11870,34,99
11443,53,120
12387,52,126
14592,41,126
13164,97,113
11067,34,84
10148,37,122
10014,37,128
12672,71,120
14413,41,126
13473,45,84
14011,29,126
12411,33,96
13150,43,126
11544,81,72
13688,27,40
11645,97,88
9668,33,97
12182,43,84
11876,25,84
12944,43,96
13832,33,102
14208,11,0
10641,34,99
11126,87,90
14207,45,84
13402,41,126
13822,45,102
12957,34,99
12112,97,113
10661,42,104
9961,29,113
12600,29,102
13421,45,96
9454,29,106
12897,97,128
12947,33,126
12253,27,96
12925,25,126
12044,97,88
10615,48,108
12962,43,96
11435,81,56
12191,25,84
10406,103,0
12091,67,120
11838,51,98
11980,29,126
13443,53,120
9608,79,32
10175,57,81
12331,55,120
14950,41,126
12174,25,126
12607,57,120
12685,31,84
11161,69,125
9149,49,81
11574,31,96
11272,49,113
12243,67,106
10712,51,98
12095,53,98
9966,57,80
12984,69,98
12964,25,84
10033,83,40
12617,111,3
9164,82,0
12765,58,84
13247,97,74
9078,37,113
10072,92,3
12065,87,122
10874,57,128
13800,48,122
10025,87,0
9741,45,113
10434,57,122
13019,41,96
12578,45,96
11494,57,128
12701,52,96
12981,41,96
11482,99,48
11274,69,100
12348,43,96
12381,45,84
11709,31,84
13626,89,113
9144,33,80
9594,47,113
12695,89,81
11764,31,99
13527,41,99
11380,81,72
14904,7,1
11726,29,84
11703,31,96
9788,47,113
11773,69,93
11864,69,98
11931,95,56
11771,81,93
12074,53,120
12202,67,106
14752,7,0
9128,43,90
9596,99,32
11189,73,80
11334,39,84
12406,51,98
9196,57,81
11694,43,96
12561,87,80
12738,33,84
11191,25,84
9728,37,106
9485,47,88
12459,29,126
12460,57,98
9867,29,106
12882,43,126
12745,67,128
13582,45,84
12816,97,122
10167,49,88
11103,81,72
10234,49,128
10911,43,96
11437,89,64
13823,7,0
9904,49,128
11268,25,96
11211,45,122
13969,59,74
13734,41,126
12431,43,126
11843,58,99
12714,78,74
13055,65,98
11135,59,98
13890,71,120
11036,39,84
12340,107,0
9091,82,0
9300,49,88
10806,109,48
12665,55,98
12241,58,99
12300,58,96
13043,34,84
12555,43,102
10298,37,88
9136,33,81
12669,81,131
9956,79,48
9414,57,88
13780,51,98
10067,85,67
11702,31,99
12119,97,113
12665,41,99
12299,43,126
11224,43,102
11097,25,96
12458,69,98
12114,52,84
10955,47,90
13863,29,48
12524,60,98
11225,112,0
11546,83,64
12401,58,126
14111,78,68
12190,89,74
11625,87,88
9171,107,0
12165,43,84
9204,57,80
13474,84,98
10328,27,96
10128,43,128
14299,59,98
13987,78,74
13723,41,102
13673,71,74
13763,34,126
9823,45,113
11644,95,56
12186,58,84
14574,78,74
9459,33,128
9950,37,113
10455,33,128
13209,71,98
11125,97,74
12326,69,98
13008,45,102
12407,43,102
13449,43,126
9564,45,88
12757,67,106
11080,81,88
13699,45,126
9315,29,122
10992,57,106
12302,111,56
11912,33,126
14956,7,0
11509,53,98
11494,93,48
10183,57,80
11579,83,64
9958,57,90
11161,109,48
13833,59,98
11851,52,96
13726,71,98
10698,27,126
12618,33,84
9512,37,106
11752,87,74
10808,85,67
12612,39,102
13969,60,98
12501,87,72
12397,52,96
14382,33,126
10199,27,96
14736,7,0
10844,107,0
14690,84,68
11865,58,96
12319,71,120
12896,52,126
12695,51,98
12753,33,99
10731,69,84
9076,31,88
11517,97,74
10619,48,86
13826,58,60
13157,89,106
14179,67,74
12456,81,77
11682,44,122
11201,97,81
10884,45,113
13630,60,74
10597,79,0
12743,27,126
14271,7,0
10494,112,0
12576,33,102
10383,57,128
13928,55,98
14431,7,0
11856,81,80
13279,29,96
9541,37,122
14060,71,74
10822,51,98
13888,45,126
10072,43,128
11605,81,88
12030,43,96
12348,69,98
15110,7,0
12851,33,96
11373,57,97
10177,112,0
12075,60,98
10329,79,48
10447,49,128
9510,98,2
11770,53,120
14883,7,0
13213,39,102
12261,55,98
10758,33,84
13160,61,120
14330,58,102
12051,58,96
13607,60,98
11092,81,100
12436,79,0
11592,27,126
12876,97,128
13384,101,93
12874,69,98
12025,97,106
10197,47,106
9912,97,0
11056,25,96
12895,43,99
12018,97,106
13252,89,113
9493,49,113
12836,52,84
12206,87,106
11812,25,126
9189,41,88
11366,42,116
10454,45,122
12821,61,120
9500,47,106
12850,39,84
13948,58,54
12631,45,96
9782,47,90
11680,49,128
13345,29,96
10680,27,84
9965,27,84
13069,97,106
10048,79,56
10567,107,0
12807,67,120
10964,107,40
13996,101,116
14146,58,99
11199,39,96
13480,43,126
11740,97,97
11495,109,32
9484,41,80
9195,43,88
13917,48,116
12821,84,68
11639,52,96
10235,92,3
10558,67,90
13318,58,84
12498,97,128
12879,58,96
10131,45,113
11448,39,96
11285,97,40
11016,31,96
12131,103,0
11353,27,96
12262,33,84
12234,29,96
12879,33,96
11939,59,98
10081,49,97
12842,58,96
13346,41,96
9216,37,113
10655,73,80
13389,61,120
14002,7,0
12732,43,96
11548,69,109
11437,25,99
14066,45,54
11378,34,126
12382,33,84
12010,51,98
9824,47,88
11484,83,64
9430,33,113
13054,117,67
11162,107,0
9973,45,81
12099,101,77
11654,52,84
12009,89,3
11393,87,0
13433,101,77
12630,27,102
14372,45,126
13664,69,120
14265,45,96
11550,33,126
10304,87,0
12746,43,84
12596,84,74
10755,67,80
12334,107,0
11886,60,98
11926,109,48
12424,39,96
13290,58,96
9077,79,0
14339,41,84
9634,49,80
9883,25,84
13755,60,68
12242,57,120
14586,26,24
10088,57,97
12824,101,77
12311,25,84
10518,27,99
11879,107,0
10342,45,128
13892,26,24
12037,71,120
12238,48,114
10347,29,128
12555,25,102
11256,87,97
13949,67,74
9092,33,122
11245,111,56
12404,44,122
14513,40,122
10122,57,128
12569,101,93
12171,48,108
9765,29,128
11429,81,56
10061,37,106
10595,25,84
13229,57,120
13361,41,84
13179,27,126
13091,59,98
10255,49,97
9997,49,88
9543,48,126
13846,59,120
10502,25,96
10600,79,0
12851,31,99
13078,53,120
14544,7,1
10649,87,56
9522,48,126
9274,43,97
12025,69,131
12201,51,98
12683,107,0
10638,33,84
11084,47,97
11799,81,84
10327,27,102
13102,78,98
13716,33,96
9512,47,113
13074,33,96
10707,57,97
13908,41,126
12814,59,98
12613,92,3
12358,43,84
13034,81,125
11613,79,48
9845,49,113
12970,39,84
10574,31,96
10268,25,84
11406,42,116
11208,97,81
12763,34,96
13584,39,126
11823,31,96
14223,26,27
12222,87,90
11076,27,126
10814,82,0
11150,39,96
11064,47,122
9809,49,80
12461,119,2
11629,29,96
11921,87,97
14736,7,0
9388,47,80
11518,27,102
12469,115,0
12092,87,113
9218,57,88
12996,41,84
11278,113,64
9236,42,122
13449,52,126
11652,97,88
11335,87,56
10426,33,84
11413,27,126
11123,47,128
11664,107,40
10468,45,113
12360,52,96
9664,45,97
12816,33,96
9694,47,106
10107,57,113
13088,123,2
14854,69,120
10394,57,106
14068,61,120
13149,45,102
10928,85,48
11471,87,80
12236,31,126
11680,34,96
9567,45,97
11901,29,99
10374,45,106
12024,25,84
10923,115,0
10985,33,96
14467,84,74
9337,79,0
12634,60,98
11829,39,96
12671,97,90
12200,107,0
14171,69,120
12645,58,84
12564,27,126
12836,39,96
11658,113,64
12216,69,98
10745,87,56
9400,109,32
12105,33,84
12426,25,96
10720,99,32
13437,61,120
10727,97,64
13187,45,84
11951,31,102
14025,67,120
9438,45,90
11133,69,93
9457,31,128
11654,115,3
11282,53,98
12083,69,98
10315,69,93
11203,95,56
13443,101,100
9083,89,3
13402,67,120
11758,67,90
11820,81,72
10770,25,99
13150,29,126
10630,25,102
11941,67,81
11217,81,77
9560,43,88
11208,85,48
11046,43,84
12341,89,81
10567,81,84
12651,29,96
9291,48,114
12665,69,131
10388,25,84
11639,69,116
12152,57,128
9360,42,122
11309,34,102
13777,7,0
11888,67,97
11621,43,96
14809,71,68
9823,47,122
11580,111,56
10827,93,48
12647,103,64
13211,34,96
11397,87,80
10256,45,122
9211,103,0
9540,49,80
12615,45,96
13130,25,99
11589,31,84
9585,57,80
11053,31,96
11125,87,72
11697,25,84
12266,27,84
14096,7,0
11623,48,120
11855,65,98
10856,48,108
11084,93,48
11931,25,99
9399,49,106
13318,67,98
9751,49,106
11786,31,96
13763,39,126
13721,67,68
12238,43,84
13131,25,96
12980,43,96
9620,57,106
10234,45,128
11402,82,0
11731,43,96
10737,47,113
11691,69,98
11671,67,128
11247,25,96
10837,69,116
11424,51,98
13219,87,128
11763,31,126
12413,43,99
13614,7,0
13016,34,96
11039,33,126
11969,69,125
12311,52,96
10794,53,98
11368,69,84
12921,43,99
10709,73,80
9538,33,90
12476,52,102
12216,58,84
11774,52,84
14907,26,27
9232,79,0
11829,52,99
13056,65,98
11467,47,113
14385,7,0
12866,43,84
11163,49,88
12554,87,81
9721,47,122
12630,25,102
13576,69,98
12752,89,90
11042,27,102
9819,33,128
10805,49,88
10488,57,113
9416,85,32
12780,105,64
10680,95,56
12770,53,98
11168,87,88
13261,67,128
10815,57,122
10152,45,128
11903,69,100
12199,33,96
12045,43,84
14217,58,126
10280,115,0
9463,47,113
10369,49,80
12149,25,96
13063,81,100
9731,45,106
13501,33,126
13659,43,126
10107,83,40
9525,31,106
11813,61,120
13132,51,98
9610,37,88
10058,25,99
11116,82,0
12212,101,84
11188,29,84
10358,47,97
12839,78,68
11791,87,90
11829,67,88
13000,27,126
10349,57,80
11383,81,109
13140,34,102
11455,103,0
13455,33,96
11390,27,96
9351,93,32
11889,27,126
13665,41,96
12330,58,96
13207,53,98
10380,97,0
11802,81,125
9898,47,128
13960,7,0
10616,25,126
9950,27,96
12330,105,64
10607,107,40
10877,27,96
12624,97,67
12525,52,102
13780,7,0
13749,52,102
13842,7,1
11756,25,84
11431,97,74
11178,49,106
12093,33,102
12880,45,96
12296,67,113
10923,79,0
10887,91,40
10235,67,81
10812,92,3
10505,45,97
12855,69,109
14753,7,0
13424,43,84
12909,109,48
9449,87,0
11577,25,84
13993,7,0
13386,52,84
11915,25,84
13224,89,3
12559,33,126
12699,101,100
12794,31,84
10233,79,0
13690,34,126
10739,57,88
11463,87,81
12167,92,3
11571,103,0
9196,45,88
13427,58,84
11098,49,128
11459,25,96
14004,71,98
12907,45,84
12146,83,64
10901,39,96
12936,25,96
11716,89,64
11948,67,80
14371,7,0
13729,41,126
9568,37,90
9396,29,128
13815,7,0
9548,29,113
9787,29,128
10600,67,88
15046,67,98
10377,112,0
14038,58,126
11853,47,128
11639,43,84
10586,34,84
11189,87,80
11899,87,81
12449,25,102
9370,42,122
10795,97,40
10256,37,90
11256,34,84
11122,34,99
12465,27,96
13005,84,98
11555,67,128
13145,84,74
14879,58,126
12898,97,128
10466,34,84
11387,43,84
12262,81,88
9808,37,122
11866,81,88
12724,41,96
12395,97,106
12852,41,102
10380,89,64
10361,57,128
12386,27,84
12957,43,126
10688,67,97
11120,49,128
11535,31,84
10914,27,96
12962,45,99
10805,83,64
12293,58,96
9175,48,90
9268,42,122
12461,39,96
10013,43,122
12698,59,120
10641,107,0
13937,7,0
12043,65,98
12428,34,126
13892,52,60
10343,27,84
11793,89,3
11964,97,40
11939,40,92
11534,51,98
12371,55,98
13140,33,96
10838,83,64
10580,25,96
11168,57,98
14634,73,120
9961,45,88
12345,43,99
9278,45,88
12132,97,97
11382,115,3
11985,67,122
11234,33,96
10542,79,0
10836,67,97
11000,33,102
13585,71,98
13370,84,68
12811,87,113
11666,29,96
12411,43,96
9339,33,106
10528,97,0
12939,39,126
11665,97,0
9103,29,128
12442,27,99
11949,42,110
9919,45,90
12575,33,96
12585,59,98
10904,53,98
13528,41,96
14792,29,32
9662,43,97
13970,7,0
11846,29,84
13659,43,96
12496,33,96
13573,97,128
13137,87,122
12478,87,128
9324,48,114
9311,29,122
12153,65,98
11144,69,93
12175,97,74
13500,89,106
11733,97,97
12783,87,128
9151,47,97
11859,43,102
12031,97,97
13584,31,126
11506,43,102
12234,52,84
13104,25,126
11371,33,126
9151,43,90
12120,43,126
13186,45,96
11097,51,98
10619,57,88
11113,39,96
14619,67,98
13379,45,126
11011,83,40
11481,97,0
11398,48,92
12843,45,96
10781,112,0
10005,31,128
11338,112,0
13946,7,0
12821,45,99
10503,33,96
11319,43,99
11246,25,99
9840,97,0
11503,95,56
9670,48,126
13721,45,102
11123,43,96
10512,43,128
12638,29,126
11218,33,126
10291,47,113
9724,57,97
13660,41,54
14997,45,126
12300,29,96
11306,87,74
13515,59,98
13823,55,68
13332,97,80
11015,31,96
14058,52,54
13405,31,126
9495,37,97
10369,29,128
13693,41,84
10761,48,86
13221,29,84
9152,45,90
11101,43,99
13655,69,98
12701,43,96
12242,43,96
10643,47,106
13081,101,84
9329,37,90
9703,95,2
11668,58,84
13387,113,64
11731,31,126
10626,95,2
14396,41,99
14038,55,98
13625,7,0
10374,67,81
14817,67,74
14349,7,0
10515,31,99
12906,61,120
9371,41,88
9854,37,81
12165,29,126
10872,33,96
12490,41,84
11353,73,80
12242,97,0
11632,39,84
13147,89,97
9984,79,56
14530,29,32
14346,7,0
10751,79,56
11150,31,84
9933,45,113
11389,39,99
12435,43,96
14120,52,126
13749,61,120
12820,58,99
12797,89,97
11409,48,92
12891,52,99
11239,103,64
14783,7,0
11151,37,128
10949,97,0
9227,47,128
11745,65,98
11859,57,98
9459,37,97
12600,43,102
10100,57,128
14273,57,120
11583,87,90
13890,51,98
9636,57,88
10340,31,84
12799,58,126
10932,34,96
14879,29,35
9593,49,88
13675,23,16
10460,31,84
12269,117,67
11851,33,84
10957,25,102
10614,107,40
11328,25,126
12465,25,96
9340,42,122
11778,87,72
11285,67,113
12000,107,0
12193,27,102
10185,103,0
11985,81,56
12589,39,102
12971,43,126
11152,97,72
10962,81,93
13350,33,126
10792,25,96
13177,69,98
11096,43,96
12585,51,98
10463,27,84
9698,37,97
9512,41,88
14439,52,102
9666,93,32
11627,87,56
10410,99,48
12389,33,99
13366,53,120
13864,7,0
14354,7,0
9856,37,106
14202,41,96
12050,69,131
11669,113,64
13078,43,102
11464,87,0
12188,44,122
11929,34,96
11595,43,126
13461,87,113
13952,62,120
11172,53,98
11272,103,64
9932,37,122
10699,47,128
12766,45,84
12895,84,98
11012,73,88
13209,34,99
10166,79,32
9479,37,113
9764,109,32
12066,67,128
10433,33,128
12438,69,93
10080,25,96
10767,49,80
9975,57,113
13694,7,0
11685,123,2
9078,49,80
13775,71,74
11794,29,102
11147,67,113
13016,33,84
11392,31,102
13220,71,120
9759,97,0
11994,59,120
13723,59,98
11496,25,96
13084,39,96
10278,37,122
11357,95,2
12107,81,109
12437,53,120
10349,49,106
13825,67,98
10712,49,113
9623,43,106
12236,39,96
12687,41,96
11509,81,80
11625,79,0
9285,29,106
11263,69,100
9768,93,32
13655,78,98
11713,87,97
12586,33,84
13109,43,102
10174,47,128
10162,27,96
9692,48,126
11593,97,64
9912,47,97
9719,79,0
11205,31,99
14961,7,0
10544,89,3
12560,59,98
11688,103,0
14289,71,98
10680,87,74
11917,67,97
14070,45,96
12787,45,84
13618,59,68
11140,55,120
14700,58,126
10394,57,88
11881,43,102
13383,113,74
13441,55,120
12472,43,96
13732,97,90
11372,81,84
9711,79,56
12310,25,126
12623,67,122
13024,113,90
9868,25,96
14685,71,74
9109,48,90
10739,89,64
13289,80,120
9275,47,90
12030,58,102
11694,43,99
11514,59,120
12820,33,96
12402,39,99
10852,57,81
12465,48,108
9408,47,106
12253,97,81
11533,67,128
12778,43,126
13627,33,126
9218,45,81
10876,45,128
9953,33,106
14579,41,102
11262,25,102
9200,43,80
9133,48,90
9285,37,128
9695,49,97
9780,47,128
11294,60,98
11610,119,2
9139,48,90
11892,34,96
11990,103,64
9900,87,0
13717,60,98
14188,7,1
14585,71,120
13675,51,68
10355,98,2
11776,60,98
14136,69,68
9500,57,97
11361,97,67
9176,57,90
10069,45,122
12153,78,74
9717,43,113
10230,85,48
12708,87,128
13184,41,102
9628,99,32
9967,49,106
13961,26,24
12057,34,102
11360,42,116
11000,33,84
11906,33,99
11252,111,56
11658,49,128
11333,34,96
12417,97,106
11973,69,98
12443,25,99
15064,7,0
9475,45,88
13591,43,96
13197,87,128
12475,41,96
9946,31,122
10668,33,102
13293,45,126
9875,29,122
14313,7,0
12227,39,84
12842,86,120
13511,34,126
13398,43,96
12944,87,90
14286,7,0
9844,41,88
12009,33,102
11362,33,102
12907,33,84
10541,37,128
10382,67,80
11644,31,84
13863,25,126
9158,97,0
11640,62,120
12660,53,98
10893,49,97
12592,78,98
10451,34,96
9603,37,113
10896,57,128
9611,49,88
12657,31,96
10035,45,106
12602,101,56
10577,57,90
11939,25,102
11638,48,120
13475,71,98
9802,47,128
9533,49,81
9370,57,90
11731,33,84
10445,69,100
13484,58,99
11887,81,131
14125,53,120
12984,45,96
12614,29,96
11995,25,126
14243,7,0
13843,7,0
10013,57,106
13154,113,97
9192,43,81
11535,31,96
12625,113,81
11181,87,81
11928,33,96
13790,65,98
14752,7,0
12900,34,84
12614,78,74
10386,37,97
10333,87,56
9834,47,80
11073,31,126
9366,47,106
11006,91,40
13917,7,0
11577,59,98
13680,65,98
10763,99,48
12332,81,100
12160,33,99
12950,69,116
12291,43,84
12458,58,102
13943,45,60
11859,34,126
9114,91,0
11693,67,128
12403,31,126
13620,52,96
9263,37,128
13074,87,97
12935,29,126
11608,81,80
11584,43,96
11071,25,84
11370,34,96
11191,67,88
13114,45,126
13910,69,74
13366,87,106
12670,59,98
11728,51,98
13238,67,128
11801,29,126
11965,33,96
12501,27,96
12547,113,74
12232,29,99
12439,97,122
11648,57,98
9905,107,0
11970,33,96
13470,41,84
11838,43,126
12260,97,80
9841,33,128
14114,71,98
14241,69,98
14445,7,0
11144,34,96
13241,86,120
14317,7,0
9118,91,0
10540,27,96
10702,31,102
12822,41,84
11441,57,88
15039,27,40
10361,49,81
13166,65,98
11998,87,106
9494,29,88
14256,52,99
13174,33,126
13006,55,120
9921,47,128
11833,87,88
13650,33,96
11305,25,96
10819,31,84
9092,48,90
9826,47,81
11169,81,80
11615,73,88
10256,49,128
13428,67,98
12048,69,131
13413,71,120
13313,25,102
12268,25,84
11053,29,96
10828,34,102
11816,27,96
10795,45,122
10749,93,48
9981,45,80
15058,7,0
11426,67,81
14070,59,74
10768,49,122
11916,87,97
11733,33,126
11881,33,96
11562,43,99
12375,87,113
11758,57,98
11562,25,96
11586,97,80
13653,7,0
9157,49,80
12732,51,98
12500,87,128
10115,47,122
14264,45,99
9790,85,32
11068,29,84
14062,52,96
9695,83,40
11417,29,96
9399,42,80
12096,58,84
13699,55,74
10049,45,97
10900,25,84
12402,39,99
10877,27,126
11637,113,64
11243,29,99
12430,113,64
12686,87,128
11960,29,96
12888,78,68
9871,47,128
10325,31,96
13860,41,96
10940,57,80
10567,91,40
13592,33,84
9793,49,80
11753,43,96
14404,67,68
13962,73,120
14327,7,0
10374,33,122
12417,29,84
12537,29,84
11741,25,96
14147,26,24
9382,93,32
13639,45,99
10085,27,84
10555,47,81
11430,29,102
12568,69,100
13078,52,102
13393,34,102
12475,59,98
13812,7,0
11372,43,96
12482,78,98
14145,11,0
9410,103,0
12122,62,120
12271,58,99
9926,69,84
13441,78,68
11360,97,64
9298,45,97
9388,37,106
13277,34,96
10076,93,32
11544,97,72
12838,43,84
9838,45,106
9318,79,0
12264,87,88
9094,29,97
11901,97,90
12566,84,74
13529,33,126
10594,95,2
10947,34,84
10464,83,64
10706,67,90
11225,101,56
11801,69,98
12230,43,126
11014,79,0
9818,49,122
11118,97,74
12580,58,126
10813,109,48
13193,41,96
10918,103,64
13116,41,84
12528,57,98
10835,33,96
12246,53,120
11888,52,96
10336,37,128
14397,41,96
12163,52,84
11667,57,106
11264,31,96
9212,42,122
12380,33,126
14813,7,0
9226,45,80
12175,61,120
10237,81,56
11343,89,64
13820,7,0
12409,43,126
9117,47,81
15029,26,27
11383,103,0
10155,37,113
11739,87,113
10853,49,128
13649,33,99
10715,25,84
11876,47,128
13171,41,99
14089,52,84
9882,49,128
12028,69,131
12610,41,84
12764,59,120
12716,87,106
12351,57,98
11207,51,98
9485,103,0
10515,57,128
9285,97,0
13139,39,126
12607,34,126
10306,33,84
12646,45,84
11901,81,100
13923,7,0
13119,81,131
11475,82,0
14563,7,0
12942,41,84
9407,37,88
12446,97,122
11893,42,104
13073,33,99
11638,115,0
9467,37,128
11955,87,0
11907,87,80
9125,29,128
11276,27,84
11145,47,128
11020,25,84
12289,52,99
10430,43,122
12735,107,40
12527,97,128
11385,67,81
9718,112,0
13447,101,125
12126,39,126
10644,81,80
13053,78,98
11134,25,96
10826,57,88
11227,31,96
11716,43,96
12694,71,120
11393,67,80
11603,97,90
9375,29,128
13319,71,98
11829,59,98
12514,89,81
12118,25,102
11372,47,106
11342,87,72
10387,49,122
11257,97,64
13514,101,100
10125,49,90
10005,47,128
9714,57,113
10658,83,40
11366,57,88
12178,25,96
11749,43,102
12897,33,126
10157,97,0
11914,25,96
10483,81,77
14644,61,120
12924,59,98
10047,33,113
11382,25,84
11136,34,84
11058,53,120
12952,33,102
13359,69,131
11552,31,126
13153,59,98
14203,33,126
12842,97,0
14093,41,126
12188,81,109
11901,101,56
9771,48,84
10042,91,40
14163,7,0
12267,84,74
14399,71,98
12704,67,128
11940,40,92
12668,25,126
12029,79,0
9549,49,90
11482,43,96
9152,33,128
11942,31,126
13506,52,84
12761,87,128
11788,58,84
9373,29,128
12365,39,126
9522,49,88
13533,43,84
11310,113,64
13953,58,96
11432,29,84
9266,43,122
9935,47,106
13659,7,0
10587,97,40
9349,99,32
10266,57,80
9134,115,0
11075,25,99
12175,57,128
11774,43,126
13934,52,60
9934,29,128
12436,69,98
12692,81,131
11278,39,102
13028,101,109
11855,55,120
12980,33,102
12987,87,88
11052,67,106
12088,29,102
13584,52,96
13271,86,120
13905,84,74
11965,60,98
12772,45,96
11516,83,64
10493,57,128
14249,7,0
10375,45,90
13012,101,84
11265,29,96
10358,37,128
10746,87,0
12762,115,3
11293,81,84
12179,43,96
13775,43,102
12202,81,93
11059,43,96
11472,57,128
9202,37,122
12696,84,74
9580,33,88
13555,73,120
12081,58,96
10791,81,56
10437,47,128
10010,43,106
11497,43,84
10396,57,80
14216,78,98
9823,37,113
13859,60,98
11465,101,56
9365,37,88
9532,87,0
9397,29,128
11923,29,96
9080,33,128
11522,103,64
12428,58,102
10355,47,122
12402,29,96
12998,69,98
12960,39,126
12125,87,128
10003,25,84
13092,79,0
13595,41,96
12366,45,96
9871,85,48
12664,67,122
11807,39,99
10577,27,96
12358,67,90
10232,37,128
12913,52,96
10440,103,0
12338,52,99
13854,7,0
12214,33,84
13274,69,125
9801,49,81
11223,69,131
9649,45,106
11828,87,88
10041,57,122
12516,51,98
14148,29,32
10537,31,96
12615,81,109
9125,47,80
12992,78,98
13096,81,131
11173,37,128
12710,81,116
13338,80,120
10058,49,113
13405,59,98
